tensor([[128, 128, 128, 128, 128, 128, 128, 128, 128, 128, 128, 128, 128, 128,
         128, 128, 128, 128, 128, 128, 128, 128, 128, 128, 128, 128, 128, 128,
         128, 128, 128, 128],
        [128, 128, 128, 128, 128, 128, 128, 128, 128, 128, 128, 128, 128, 128,
         128, 128, 128, 128, 128, 128, 128, 128, 128, 128, 128, 128, 128, 128,
         128, 128, 128, 128],
        [128, 128, 128, 128, 128, 128, 128, 128, 128, 128, 128, 128, 128, 128,
         128, 128, 128, 128, 128, 128, 128, 128, 128, 128, 128, 128, 128, 128,
         128, 128, 128, 128],
        [128, 128, 128, 128, 128, 128, 128, 128, 128, 128, 128, 128, 128, 128,
         128, 128, 128, 128, 128, 128, 128, 128, 128, 128, 128, 128, 128, 128,
         128, 128, 128, 128],
        [128, 128, 128, 128, 128, 128, 128, 128, 128, 128, 128, 128, 128, 128,
         128, 128, 128, 128, 128, 128, 128, 128, 128, 128, 128, 128, 128, 128,
         128, 128, 128, 128],
        [128, 128, 128, 128, 128, 128, 128, 128, 128, 128, 128, 128, 128, 128,
         128, 128, 128, 128, 128, 128, 128, 128, 128, 128, 128, 128, 128, 128,
         128, 128, 128, 128],
        [128, 128, 128, 128, 128, 128, 128, 128, 128, 128, 128, 128, 128, 128,
         128, 128, 128, 128, 128, 128, 128, 128, 128, 128, 128, 128, 128, 128,
         128, 128, 128, 128],
        [128, 128, 128, 128, 128, 128, 128, 128, 128, 128, 128, 128, 128, 128,
         128, 128, 128, 128, 128, 128, 128, 128, 128, 128, 128, 128, 128, 128,
         128, 128, 128, 128],
        [128, 128, 128, 128, 128, 128, 128, 128, 128, 128, 128, 128, 128, 128,
         128, 128, 128, 128, 128, 128, 128, 128, 128, 128, 128, 128, 128, 128,
         128, 128, 128, 128],
        [128, 128, 128, 128, 128, 128, 128, 128, 128, 128, 128, 128, 128, 128,
         128, 128, 128, 128, 128, 128, 128, 128, 128, 128, 128, 128, 128, 128,
         128, 128, 128, 128],
        [128, 128, 128, 128, 128, 128, 128, 128, 128, 128, 128, 128, 128, 128,
         128, 128, 128, 128, 128, 128, 128, 128, 128, 128, 128, 128, 128, 128,
         128, 128, 128, 128],
        [128, 128, 128, 128, 128, 128, 128, 128, 128, 128, 128, 128, 128, 128,
         128, 128, 128, 128, 128, 128, 128, 128, 128, 128, 128, 128, 128, 128,
         128, 128, 128, 128],
        [128, 128, 128, 128, 128, 128, 128, 128, 128, 128, 128, 128, 128, 128,
         128, 128, 128, 128, 128, 128, 128, 128, 128, 128, 128, 128, 128, 128,
         128, 128, 128, 128],
        [128, 128, 128, 128, 128, 128, 128, 128, 128, 128, 128, 128, 128, 128,
         128, 128, 128, 128, 128, 128, 128, 128, 128, 128, 128, 128, 128, 128,
         128, 128, 128, 128],
        [128, 128, 128, 128, 128, 128, 128, 128, 128, 128, 128, 128, 128, 128,
         128, 128, 128, 128, 128, 128, 128, 128, 128, 128, 128, 128, 128, 128,
         128, 128, 128, 128],
        [128, 128, 128, 128, 128, 128, 128, 128, 128, 128, 128, 128, 128, 128,
         128, 128, 128, 128, 128, 128, 128, 128, 128, 128, 128, 128, 128, 128,
         128, 128, 128, 128]], device='cuda:0')tensor([[128, 128, 128, 128, 128, 128, 128, 128, 128, 128, 128, 128, 128, 128,
         128, 128, 128, 128, 128, 128, 128, 128, 128, 128, 128, 128, 128, 128,
         128, 128, 128, 128],
        [128, 128, 128, 128, 128, 128, 128, 128, 128, 128, 128, 128, 128, 128,
         128, 128, 128, 128, 128, 128, 128, 128, 128, 128, 128, 128, 128, 128,
         128, 128, 128, 128],
        [128, 128, 128, 128, 128, 128, 128, 128, 128, 128, 128, 128, 128, 128,
         128, 128, 128, 128, 128, 128, 128, 128, 128, 128, 128, 128, 128, 128,
         128, 128, 128, 128],
        [128, 128, 128, 128, 128, 128, 128, 128, 128, 128, 128, 128, 128, 128,
         128, 128, 128, 128, 128, 128, 128, 128, 128, 128, 128, 128, 128, 128,
         128, 128, 128, 128],
        [128, 128, 128, 128, 128, 128, 128, 128, 128, 128, 128, 128, 128, 128,
         128, 128, 128, 128, 128, 128, 128, 128, 128, 128, 128, 128, 128, 128,
         128, 128, 128, 128],
        [128, 128, 128, 128, 128, 128, 128, 128, 128, 128, 128, 128, 128, 128,
         128, 128, 128, 128, 128, 128, 128, 128, 128, 128, 128, 128, 128, 128,
         128, 128, 128, 128],
        [128, 128, 128, 128, 128, 128, 128, 128, 128, 128, 128, 128, 128, 128,
         128, 128, 128, 128, 128, 128, 128, 128, 128, 128, 128, 128, 128, 128,
         128, 128, 128, 128],
        [128, 128, 128, 128, 128, 128, 128, 128, 128, 128, 128, 128, 128, 128,
         128, 128, 128, 128, 128, 128, 128, 128, 128, 128, 128, 128, 128, 128,
         128, 128, 128, 128],
        [128, 128, 128, 128, 128, 128, 128, 128, 128, 128, 128, 128, 128, 128,
         128, 128, 128, 128, 128, 128, 128, 128, 128, 128, 128, 128, 128, 128,
         128, 128, 128, 128],
        [128, 128, 128, 128, 128, 128, 128, 128, 128, 128, 128, 128, 128, 128,
         128, 128, 128, 128, 128, 128, 128, 128, 128, 128, 128, 128, 128, 128,
         128, 128, 128, 128],
        [128, 128, 128, 128, 128, 128, 128, 128, 128, 128, 128, 128, 128, 128,
         128, 128, 128, 128, 128, 128, 128, 128, 128, 128, 128, 128, 128, 128,
         128, 128, 128, 128],
        [128, 128, 128, 128, 128, 128, 128, 128, 128, 128, 128, 128, 128, 128,
         128, 128, 128, 128, 128, 128, 128, 128, 128, 128, 128, 128, 128, 128,
         128, 128, 128, 128],
        [128, 128, 128, 128, 128, 128, 128, 128, 128, 128, 128, 128, 128, 128,
         128, 128, 128, 128, 128, 128, 128, 128, 128, 128, 128, 128, 128, 128,
         128, 128, 128, 128],
        [128, 128, 128, 128, 128, 128, 128, 128, 128, 128, 128, 128, 128, 128,
         128, 128, 128, 128, 128, 128, 128, 128, 128, 128, 128, 128, 128, 128,
         128, 128, 128, 128],
        [128, 128, 128, 128, 128, 128, 128, 128, 128, 128, 128, 128, 128, 128,
         128, 128, 128, 128, 128, 128, 128, 128, 128, 128, 128, 128, 128, 128,
         128, 128, 128, 128],
        [128, 128, 128, 128, 128, 128, 128, 128, 128, 128, 128, 128, 128, 128,
         128, 128, 128, 128, 128, 128, 128, 128, 128, 128, 128, 128, 128, 128,
         128, 128, 128, 128]], device='cuda:3')tensor([[128, 128, 128, 128, 128, 128, 128, 128, 128, 128, 128, 128, 128, 128,
         128, 128, 128, 128, 128, 128, 128, 128, 128, 128, 128, 128, 128, 128,
         128, 128, 128, 128],
        [128, 128, 128, 128, 128, 128, 128, 128, 128, 128, 128, 128, 128, 128,
         128, 128, 128, 128, 128, 128, 128, 128, 128, 128, 128, 128, 128, 128,
         128, 128, 128, 128],
        [128, 128, 128, 128, 128, 128, 128, 128, 128, 128, 128, 128, 128, 128,
         128, 128, 128, 128, 128, 128, 128, 128, 128, 128, 128, 128, 128, 128,
         128, 128, 128, 128],
        [128, 128, 128, 128, 128, 128, 128, 128, 128, 128, 128, 128, 128, 128,
         128, 128, 128, 128, 128, 128, 128, 128, 128, 128, 128, 128, 128, 128,
         128, 128, 128, 128],
        [128, 128, 128, 128, 128, 128, 128, 128, 128, 128, 128, 128, 128, 128,
         128, 128, 128, 128, 128, 128, 128, 128, 128, 128, 128, 128, 128, 128,
         128, 128, 128, 128],
        [128, 128, 128, 128, 128, 128, 128, 128, 128, 128, 128, 128, 128, 128,
         128, 128, 128, 128, 128, 128, 128, 128, 128, 128, 128, 128, 128, 128,
         128, 128, 128, 128],
        [128, 128, 128, 128, 128, 128, 128, 128, 128, 128, 128, 128, 128, 128,
         128, 128, 128, 128, 128, 128, 128, 128, 128, 128, 128, 128, 128, 128,
         128, 128, 128, 128],
        [128, 128, 128, 128, 128, 128, 128, 128, 128, 128, 128, 128, 128, 128,
         128, 128, 128, 128, 128, 128, 128, 128, 128, 128, 128, 128, 128, 128,
         128, 128, 128, 128],
        [128, 128, 128, 128, 128, 128, 128, 128, 128, 128, 128, 128, 128, 128,
         128, 128, 128, 128, 128, 128, 128, 128, 128, 128, 128, 128, 128, 128,
         128, 128, 128, 128],
        [128, 128, 128, 128, 128, 128, 128, 128, 128, 128, 128, 128, 128, 128,
         128, 128, 128, 128, 128, 128, 128, 128, 128, 128, 128, 128, 128, 128,
         128, 128, 128, 128],
        [128, 128, 128, 128, 128, 128, 128, 128, 128, 128, 128, 128, 128, 128,
         128, 128, 128, 128, 128, 128, 128, 128, 128, 128, 128, 128, 128, 128,
         128, 128, 128, 128],
        [128, 128, 128, 128, 128, 128, 128, 128, 128, 128, 128, 128, 128, 128,
         128, 128, 128, 128, 128, 128, 128, 128, 128, 128, 128, 128, 128, 128,
         128, 128, 128, 128],
        [128, 128, 128, 128, 128, 128, 128, 128, 128, 128, 128, 128, 128, 128,
         128, 128, 128, 128, 128, 128, 128, 128, 128, 128, 128, 128, 128, 128,
         128, 128, 128, 128],
        [128, 128, 128, 128, 128, 128, 128, 128, 128, 128, 128, 128, 128, 128,
         128, 128, 128, 128, 128, 128, 128, 128, 128, 128, 128, 128, 128, 128,
         128, 128, 128, 128],
        [128, 128, 128, 128, 128, 128, 128, 128, 128, 128, 128, 128, 128, 128,
         128, 128, 128, 128, 128, 128, 128, 128, 128, 128, 128, 128, 128, 128,
         128, 128, 128, 128],
        [128, 128, 128, 128, 128, 128, 128, 128, 128, 128, 128, 128, 128, 128,
         128, 128, 128, 128, 128, 128, 128, 128, 128, 128, 128, 128, 128, 128,
         128, 128, 128, 128]], device='cuda:2')tensor([[128, 128, 128, 128, 128, 128, 128, 128, 128, 128, 128, 128, 128, 128,
         128, 128, 128, 128, 128, 128, 128, 128, 128, 128, 128, 128, 128, 128,
         128, 128, 128, 128],
        [128, 128, 128, 128, 128, 128, 128, 128, 128, 128, 128, 128, 128, 128,
         128, 128, 128, 128, 128, 128, 128, 128, 128, 128, 128, 128, 128, 128,
         128, 128, 128, 128],
        [128, 128, 128, 128, 128, 128, 128, 128, 128, 128, 128, 128, 128, 128,
         128, 128, 128, 128, 128, 128, 128, 128, 128, 128, 128, 128, 128, 128,
         128, 128, 128, 128],
        [128, 128, 128, 128, 128, 128, 128, 128, 128, 128, 128, 128, 128, 128,
         128, 128, 128, 128, 128, 128, 128, 128, 128, 128, 128, 128, 128, 128,
         128, 128, 128, 128],
        [128, 128, 128, 128, 128, 128, 128, 128, 128, 128, 128, 128, 128, 128,
         128, 128, 128, 128, 128, 128, 128, 128, 128, 128, 128, 128, 128, 128,
         128, 128, 128, 128],
        [128, 128, 128, 128, 128, 128, 128, 128, 128, 128, 128, 128, 128, 128,
         128, 128, 128, 128, 128, 128, 128, 128, 128, 128, 128, 128, 128, 128,
         128, 128, 128, 128],
        [128, 128, 128, 128, 128, 128, 128, 128, 128, 128, 128, 128, 128, 128,
         128, 128, 128, 128, 128, 128, 128, 128, 128, 128, 128, 128, 128, 128,
         128, 128, 128, 128],
        [128, 128, 128, 128, 128, 128, 128, 128, 128, 128, 128, 128, 128, 128,
         128, 128, 128, 128, 128, 128, 128, 128, 128, 128, 128, 128, 128, 128,
         128, 128, 128, 128],
        [128, 128, 128, 128, 128, 128, 128, 128, 128, 128, 128, 128, 128, 128,
         128, 128, 128, 128, 128, 128, 128, 128, 128, 128, 128, 128, 128, 128,
         128, 128, 128, 128],
        [128, 128, 128, 128, 128, 128, 128, 128, 128, 128, 128, 128, 128, 128,
         128, 128, 128, 128, 128, 128, 128, 128, 128, 128, 128, 128, 128, 128,
         128, 128, 128, 128],
        [128, 128, 128, 128, 128, 128, 128, 128, 128, 128, 128, 128, 128, 128,
         128, 128, 128, 128, 128, 128, 128, 128, 128, 128, 128, 128, 128, 128,
         128, 128, 128, 128],
        [128, 128, 128, 128, 128, 128, 128, 128, 128, 128, 128, 128, 128, 128,
         128, 128, 128, 128, 128, 128, 128, 128, 128, 128, 128, 128, 128, 128,
         128, 128, 128, 128],
        [128, 128, 128, 128, 128, 128, 128, 128, 128, 128, 128, 128, 128, 128,
         128, 128, 128, 128, 128, 128, 128, 128, 128, 128, 128, 128, 128, 128,
         128, 128, 128, 128],
        [128, 128, 128, 128, 128, 128, 128, 128, 128, 128, 128, 128, 128, 128,
         128, 128, 128, 128, 128, 128, 128, 128, 128, 128, 128, 128, 128, 128,
         128, 128, 128, 128],
        [128, 128, 128, 128, 128, 128, 128, 128, 128, 128, 128, 128, 128, 128,
         128, 128, 128, 128, 128, 128, 128, 128, 128, 128, 128, 128, 128, 128,
         128, 128, 128, 128],
        [128, 128, 128, 128, 128, 128, 128, 128, 128, 128, 128, 128, 128, 128,
         128, 128, 128, 128, 128, 128, 128, 128, 128, 128, 128, 128, 128, 128,
         128, 128, 128, 128]], device='cuda:1')tensor([[128, 128, 128, 128, 128, 128, 128, 128, 128, 128, 128, 128, 128, 128,
         128, 128, 128, 128, 128, 128, 128, 128, 128, 128, 128, 128, 128, 128,
         128, 128, 128, 128],
        [128, 128, 128, 128, 128, 128, 128, 128, 128, 128, 128, 128, 128, 128,
         128, 128, 128, 128, 128, 128, 128, 128, 128, 128, 128, 128, 128, 128,
         128, 128, 128, 128],
        [128, 128, 128, 128, 128, 128, 128, 128, 128, 128, 128, 128, 128, 128,
         128, 128, 128, 128, 128, 128, 128, 128, 128, 128, 128, 128, 128, 128,
         128, 128, 128, 128],
        [128, 128, 128, 128, 128, 128, 128, 128, 128, 128, 128, 128, 128, 128,
         128, 128, 128, 128, 128, 128, 128, 128, 128, 128, 128, 128, 128, 128,
         128, 128, 128, 128],
        [128, 128, 128, 128, 128, 128, 128, 128, 128, 128, 128, 128, 128, 128,
         128, 128, 128, 128, 128, 128, 128, 128, 128, 128, 128, 128, 128, 128,
         128, 128, 128, 128],
        [128, 128, 128, 128, 128, 128, 128, 128, 128, 128, 128, 128, 128, 128,
         128, 128, 128, 128, 128, 128, 128, 128, 128, 128, 128, 128, 128, 128,
         128, 128, 128, 128],
        [128, 128, 128, 128, 128, 128, 128, 128, 128, 128, 128, 128, 128, 128,
         128, 128, 128, 128, 128, 128, 128, 128, 128, 128, 128, 128, 128, 128,
         128, 128, 128, 128],
        [128, 128, 128, 128, 128, 128, 128, 128, 128, 128, 128, 128, 128, 128,
         128, 128, 128, 128, 128, 128, 128, 128, 128, 128, 128, 128, 128, 128,
         128, 128, 128, 128],
        [128, 128, 128, 128, 128, 128, 128, 128, 128, 128, 128, 128, 128, 128,
         128, 128, 128, 128, 128, 128, 128, 128, 128, 128, 128, 128, 128, 128,
         128, 128, 128, 128],
        [128, 128, 128, 128, 128, 128, 128, 128, 128, 128, 128, 128, 128, 128,
         128, 128, 128, 128, 128, 128, 128, 128, 128, 128, 128, 128, 128, 128,
         128, 128, 128, 128],
        [128, 128, 128, 128, 128, 128, 128, 128, 128, 128, 128, 128, 128, 128,
         128, 128, 128, 128, 128, 128, 128, 128, 128, 128, 128, 128, 128, 128,
         128, 128, 128, 128],
        [128, 128, 128, 128, 128, 128, 128, 128, 128, 128, 128, 128, 128, 128,
         128, 128, 128, 128, 128, 128, 128, 128, 128, 128, 128, 128, 128, 128,
         128, 128, 128, 128],
        [128, 128, 128, 128, 128, 128, 128, 128, 128, 128, 128, 128, 128, 128,
         128, 128, 128, 128, 128, 128, 128, 128, 128, 128, 128, 128, 128, 128,
         128, 128, 128, 128],
        [128, 128, 128, 128, 128, 128, 128, 128, 128, 128, 128, 128, 128, 128,
         128, 128, 128, 128, 128, 128, 128, 128, 128, 128, 128, 128, 128, 128,
         128, 128, 128, 128],
        [128, 128, 128, 128, 128, 128, 128, 128, 128, 128, 128, 128, 128, 128,
         128, 128, 128, 128, 128, 128, 128, 128, 128, 128, 128, 128, 128, 128,
         128, 128, 128, 128],
        [128, 128, 128, 128, 128, 128, 128, 128, 128, 128, 128, 128, 128, 128,
         128, 128, 128, 128, 128, 128, 128, 128, 128, 128, 128, 128, 128, 128,
         128, 128, 128, 128]], device='cuda:0')tensor([[128, 128, 128, 128, 128, 128, 128, 128, 128, 128, 128, 128, 128, 128,
         128, 128, 128, 128, 128, 128, 128, 128, 128, 128, 128, 128, 128, 128,
         128, 128, 128, 128],
        [128, 128, 128, 128, 128, 128, 128, 128, 128, 128, 128, 128, 128, 128,
         128, 128, 128, 128, 128, 128, 128, 128, 128, 128, 128, 128, 128, 128,
         128, 128, 128, 128],
        [128, 128, 128, 128, 128, 128, 128, 128, 128, 128, 128, 128, 128, 128,
         128, 128, 128, 128, 128, 128, 128, 128, 128, 128, 128, 128, 128, 128,
         128, 128, 128, 128],
        [128, 128, 128, 128, 128, 128, 128, 128, 128, 128, 128, 128, 128, 128,
         128, 128, 128, 128, 128, 128, 128, 128, 128, 128, 128, 128, 128, 128,
         128, 128, 128, 128],
        [128, 128, 128, 128, 128, 128, 128, 128, 128, 128, 128, 128, 128, 128,
         128, 128, 128, 128, 128, 128, 128, 128, 128, 128, 128, 128, 128, 128,
         128, 128, 128, 128],
        [128, 128, 128, 128, 128, 128, 128, 128, 128, 128, 128, 128, 128, 128,
         128, 128, 128, 128, 128, 128, 128, 128, 128, 128, 128, 128, 128, 128,
         128, 128, 128, 128],
        [128, 128, 128, 128, 128, 128, 128, 128, 128, 128, 128, 128, 128, 128,
         128, 128, 128, 128, 128, 128, 128, 128, 128, 128, 128, 128, 128, 128,
         128, 128, 128, 128],
        [128, 128, 128, 128, 128, 128, 128, 128, 128, 128, 128, 128, 128, 128,
         128, 128, 128, 128, 128, 128, 128, 128, 128, 128, 128, 128, 128, 128,
         128, 128, 128, 128],
        [128, 128, 128, 128, 128, 128, 128, 128, 128, 128, 128, 128, 128, 128,
         128, 128, 128, 128, 128, 128, 128, 128, 128, 128, 128, 128, 128, 128,
         128, 128, 128, 128],
        [128, 128, 128, 128, 128, 128, 128, 128, 128, 128, 128, 128, 128, 128,
         128, 128, 128, 128, 128, 128, 128, 128, 128, 128, 128, 128, 128, 128,
         128, 128, 128, 128],
        [128, 128, 128, 128, 128, 128, 128, 128, 128, 128, 128, 128, 128, 128,
         128, 128, 128, 128, 128, 128, 128, 128, 128, 128, 128, 128, 128, 128,
         128, 128, 128, 128],
        [128, 128, 128, 128, 128, 128, 128, 128, 128, 128, 128, 128, 128, 128,
         128, 128, 128, 128, 128, 128, 128, 128, 128, 128, 128, 128, 128, 128,
         128, 128, 128, 128],
        [128, 128, 128, 128, 128, 128, 128, 128, 128, 128, 128, 128, 128, 128,
         128, 128, 128, 128, 128, 128, 128, 128, 128, 128, 128, 128, 128, 128,
         128, 128, 128, 128],
        [128, 128, 128, 128, 128, 128, 128, 128, 128, 128, 128, 128, 128, 128,
         128, 128, 128, 128, 128, 128, 128, 128, 128, 128, 128, 128, 128, 128,
         128, 128, 128, 128],
        [128, 128, 128, 128, 128, 128, 128, 128, 128, 128, 128, 128, 128, 128,
         128, 128, 128, 128, 128, 128, 128, 128, 128, 128, 128, 128, 128, 128,
         128, 128, 128, 128],
        [128, 128, 128, 128, 128, 128, 128, 128, 128, 128, 128, 128, 128, 128,
         128, 128, 128, 128, 128, 128, 128, 128, 128, 128, 128, 128, 128, 128,
         128, 128, 128, 128]], device='cuda:2')tensor([[128, 128, 128, 128, 128, 128, 128, 128, 128, 128, 128, 128, 128, 128,
         128, 128, 128, 128, 128, 128, 128, 128, 128, 128, 128, 128, 128, 128,
         128, 128, 128, 128],
        [128, 128, 128, 128, 128, 128, 128, 128, 128, 128, 128, 128, 128, 128,
         128, 128, 128, 128, 128, 128, 128, 128, 128, 128, 128, 128, 128, 128,
         128, 128, 128, 128],
        [128, 128, 128, 128, 128, 128, 128, 128, 128, 128, 128, 128, 128, 128,
         128, 128, 128, 128, 128, 128, 128, 128, 128, 128, 128, 128, 128, 128,
         128, 128, 128, 128],
        [128, 128, 128, 128, 128, 128, 128, 128, 128, 128, 128, 128, 128, 128,
         128, 128, 128, 128, 128, 128, 128, 128, 128, 128, 128, 128, 128, 128,
         128, 128, 128, 128],
        [128, 128, 128, 128, 128, 128, 128, 128, 128, 128, 128, 128, 128, 128,
         128, 128, 128, 128, 128, 128, 128, 128, 128, 128, 128, 128, 128, 128,
         128, 128, 128, 128],
        [128, 128, 128, 128, 128, 128, 128, 128, 128, 128, 128, 128, 128, 128,
         128, 128, 128, 128, 128, 128, 128, 128, 128, 128, 128, 128, 128, 128,
         128, 128, 128, 128],
        [128, 128, 128, 128, 128, 128, 128, 128, 128, 128, 128, 128, 128, 128,
         128, 128, 128, 128, 128, 128, 128, 128, 128, 128, 128, 128, 128, 128,
         128, 128, 128, 128],
        [128, 128, 128, 128, 128, 128, 128, 128, 128, 128, 128, 128, 128, 128,
         128, 128, 128, 128, 128, 128, 128, 128, 128, 128, 128, 128, 128, 128,
         128, 128, 128, 128],
        [128, 128, 128, 128, 128, 128, 128, 128, 128, 128, 128, 128, 128, 128,
         128, 128, 128, 128, 128, 128, 128, 128, 128, 128, 128, 128, 128, 128,
         128, 128, 128, 128],
        [128, 128, 128, 128, 128, 128, 128, 128, 128, 128, 128, 128, 128, 128,
         128, 128, 128, 128, 128, 128, 128, 128, 128, 128, 128, 128, 128, 128,
         128, 128, 128, 128],
        [128, 128, 128, 128, 128, 128, 128, 128, 128, 128, 128, 128, 128, 128,
         128, 128, 128, 128, 128, 128, 128, 128, 128, 128, 128, 128, 128, 128,
         128, 128, 128, 128],
        [128, 128, 128, 128, 128, 128, 128, 128, 128, 128, 128, 128, 128, 128,
         128, 128, 128, 128, 128, 128, 128, 128, 128, 128, 128, 128, 128, 128,
         128, 128, 128, 128],
        [128, 128, 128, 128, 128, 128, 128, 128, 128, 128, 128, 128, 128, 128,
         128, 128, 128, 128, 128, 128, 128, 128, 128, 128, 128, 128, 128, 128,
         128, 128, 128, 128],
        [128, 128, 128, 128, 128, 128, 128, 128, 128, 128, 128, 128, 128, 128,
         128, 128, 128, 128, 128, 128, 128, 128, 128, 128, 128, 128, 128, 128,
         128, 128, 128, 128],
        [128, 128, 128, 128, 128, 128, 128, 128, 128, 128, 128, 128, 128, 128,
         128, 128, 128, 128, 128, 128, 128, 128, 128, 128, 128, 128, 128, 128,
         128, 128, 128, 128],
        [128, 128, 128, 128, 128, 128, 128, 128, 128, 128, 128, 128, 128, 128,
         128, 128, 128, 128, 128, 128, 128, 128, 128, 128, 128, 128, 128, 128,
         128, 128, 128, 128]], device='cuda:1')tensor([[128, 128, 128, 128, 128, 128, 128, 128, 128, 128, 128, 128, 128, 128,
         128, 128, 128, 128, 128, 128, 128, 128, 128, 128, 128, 128, 128, 128,
         128, 128, 128, 128],
        [128, 128, 128, 128, 128, 128, 128, 128, 128, 128, 128, 128, 128, 128,
         128, 128, 128, 128, 128, 128, 128, 128, 128, 128, 128, 128, 128, 128,
         128, 128, 128, 128],
        [128, 128, 128, 128, 128, 128, 128, 128, 128, 128, 128, 128, 128, 128,
         128, 128, 128, 128, 128, 128, 128, 128, 128, 128, 128, 128, 128, 128,
         128, 128, 128, 128],
        [128, 128, 128, 128, 128, 128, 128, 128, 128, 128, 128, 128, 128, 128,
         128, 128, 128, 128, 128, 128, 128, 128, 128, 128, 128, 128, 128, 128,
         128, 128, 128, 128],
        [128, 128, 128, 128, 128, 128, 128, 128, 128, 128, 128, 128, 128, 128,
         128, 128, 128, 128, 128, 128, 128, 128, 128, 128, 128, 128, 128, 128,
         128, 128, 128, 128],
        [128, 128, 128, 128, 128, 128, 128, 128, 128, 128, 128, 128, 128, 128,
         128, 128, 128, 128, 128, 128, 128, 128, 128, 128, 128, 128, 128, 128,
         128, 128, 128, 128],
        [128, 128, 128, 128, 128, 128, 128, 128, 128, 128, 128, 128, 128, 128,
         128, 128, 128, 128, 128, 128, 128, 128, 128, 128, 128, 128, 128, 128,
         128, 128, 128, 128],
        [128, 128, 128, 128, 128, 128, 128, 128, 128, 128, 128, 128, 128, 128,
         128, 128, 128, 128, 128, 128, 128, 128, 128, 128, 128, 128, 128, 128,
         128, 128, 128, 128],
        [128, 128, 128, 128, 128, 128, 128, 128, 128, 128, 128, 128, 128, 128,
         128, 128, 128, 128, 128, 128, 128, 128, 128, 128, 128, 128, 128, 128,
         128, 128, 128, 128],
        [128, 128, 128, 128, 128, 128, 128, 128, 128, 128, 128, 128, 128, 128,
         128, 128, 128, 128, 128, 128, 128, 128, 128, 128, 128, 128, 128, 128,
         128, 128, 128, 128],
        [128, 128, 128, 128, 128, 128, 128, 128, 128, 128, 128, 128, 128, 128,
         128, 128, 128, 128, 128, 128, 128, 128, 128, 128, 128, 128, 128, 128,
         128, 128, 128, 128],
        [128, 128, 128, 128, 128, 128, 128, 128, 128, 128, 128, 128, 128, 128,
         128, 128, 128, 128, 128, 128, 128, 128, 128, 128, 128, 128, 128, 128,
         128, 128, 128, 128],
        [128, 128, 128, 128, 128, 128, 128, 128, 128, 128, 128, 128, 128, 128,
         128, 128, 128, 128, 128, 128, 128, 128, 128, 128, 128, 128, 128, 128,
         128, 128, 128, 128],
        [128, 128, 128, 128, 128, 128, 128, 128, 128, 128, 128, 128, 128, 128,
         128, 128, 128, 128, 128, 128, 128, 128, 128, 128, 128, 128, 128, 128,
         128, 128, 128, 128],
        [128, 128, 128, 128, 128, 128, 128, 128, 128, 128, 128, 128, 128, 128,
         128, 128, 128, 128, 128, 128, 128, 128, 128, 128, 128, 128, 128, 128,
         128, 128, 128, 128],
        [128, 128, 128, 128, 128, 128, 128, 128, 128, 128, 128, 128, 128, 128,
         128, 128, 128, 128, 128, 128, 128, 128, 128, 128, 128, 128, 128, 128,
         128, 128, 128, 128]], device='cuda:3')tensor([[128, 128, 128, 128, 128, 128, 128, 128, 128, 128, 128, 128, 128, 128,
         128, 128, 128, 128, 128, 128, 128, 128, 128, 128, 128, 128, 128, 128,
         128, 128, 128, 128],
        [128, 128, 128, 128, 128, 128, 128, 128, 128, 128, 128, 128, 128, 128,
         128, 128, 128, 128, 128, 128, 128, 128, 128, 128, 128, 128, 128, 128,
         128, 128, 128, 128],
        [128, 128, 128, 128, 128, 128, 128, 128, 128, 128, 128, 128, 128, 128,
         128, 128, 128, 128, 128, 128, 128, 128, 128, 128, 128, 128, 128, 128,
         128, 128, 128, 128],
        [128, 128, 128, 128, 128, 128, 128, 128, 128, 128, 128, 128, 128, 128,
         128, 128, 128, 128, 128, 128, 128, 128, 128, 128, 128, 128, 128, 128,
         128, 128, 128, 128],
        [128, 128, 128, 128, 128, 128, 128, 128, 128, 128, 128, 128, 128, 128,
         128, 128, 128, 128, 128, 128, 128, 128, 128, 128, 128, 128, 128, 128,
         128, 128, 128, 128],
        [128, 128, 128, 128, 128, 128, 128, 128, 128, 128, 128, 128, 128, 128,
         128, 128, 128, 128, 128, 128, 128, 128, 128, 128, 128, 128, 128, 128,
         128, 128, 128, 128],
        [128, 128, 128, 128, 128, 128, 128, 128, 128, 128, 128, 128, 128, 128,
         128, 128, 128, 128, 128, 128, 128, 128, 128, 128, 128, 128, 128, 128,
         128, 128, 128, 128],
        [128, 128, 128, 128, 128, 128, 128, 128, 128, 128, 128, 128, 128, 128,
         128, 128, 128, 128, 128, 128, 128, 128, 128, 128, 128, 128, 128, 128,
         128, 128, 128, 128],
        [128, 128, 128, 128, 128, 128, 128, 128, 128, 128, 128, 128, 128, 128,
         128, 128, 128, 128, 128, 128, 128, 128, 128, 128, 128, 128, 128, 128,
         128, 128, 128, 128],
        [128, 128, 128, 128, 128, 128, 128, 128, 128, 128, 128, 128, 128, 128,
         128, 128, 128, 128, 128, 128, 128, 128, 128, 128, 128, 128, 128, 128,
         128, 128, 128, 128],
        [128, 128, 128, 128, 128, 128, 128, 128, 128, 128, 128, 128, 128, 128,
         128, 128, 128, 128, 128, 128, 128, 128, 128, 128, 128, 128, 128, 128,
         128, 128, 128, 128],
        [128, 128, 128, 128, 128, 128, 128, 128, 128, 128, 128, 128, 128, 128,
         128, 128, 128, 128, 128, 128, 128, 128, 128, 128, 128, 128, 128, 128,
         128, 128, 128, 128],
        [128, 128, 128, 128, 128, 128, 128, 128, 128, 128, 128, 128, 128, 128,
         128, 128, 128, 128, 128, 128, 128, 128, 128, 128, 128, 128, 128, 128,
         128, 128, 128, 128],
        [128, 128, 128, 128, 128, 128, 128, 128, 128, 128, 128, 128, 128, 128,
         128, 128, 128, 128, 128, 128, 128, 128, 128, 128, 128, 128, 128, 128,
         128, 128, 128, 128],
        [128, 128, 128, 128, 128, 128, 128, 128, 128, 128, 128, 128, 128, 128,
         128, 128, 128, 128, 128, 128, 128, 128, 128, 128, 128, 128, 128, 128,
         128, 128, 128, 128],
        [128, 128, 128, 128, 128, 128, 128, 128, 128, 128, 128, 128, 128, 128,
         128, 128, 128, 128, 128, 128, 128, 128, 128, 128, 128, 128, 128, 128,
         128, 128, 128, 128]], device='cuda:0')tensor([[128, 128, 128, 128, 128, 128, 128, 128, 128, 128, 128, 128, 128, 128,
         128, 128, 128, 128, 128, 128, 128, 128, 128, 128, 128, 128, 128, 128,
         128, 128, 128, 128],
        [128, 128, 128, 128, 128, 128, 128, 128, 128, 128, 128, 128, 128, 128,
         128, 128, 128, 128, 128, 128, 128, 128, 128, 128, 128, 128, 128, 128,
         128, 128, 128, 128],
        [128, 128, 128, 128, 128, 128, 128, 128, 128, 128, 128, 128, 128, 128,
         128, 128, 128, 128, 128, 128, 128, 128, 128, 128, 128, 128, 128, 128,
         128, 128, 128, 128],
        [128, 128, 128, 128, 128, 128, 128, 128, 128, 128, 128, 128, 128, 128,
         128, 128, 128, 128, 128, 128, 128, 128, 128, 128, 128, 128, 128, 128,
         128, 128, 128, 128],
        [128, 128, 128, 128, 128, 128, 128, 128, 128, 128, 128, 128, 128, 128,
         128, 128, 128, 128, 128, 128, 128, 128, 128, 128, 128, 128, 128, 128,
         128, 128, 128, 128],
        [128, 128, 128, 128, 128, 128, 128, 128, 128, 128, 128, 128, 128, 128,
         128, 128, 128, 128, 128, 128, 128, 128, 128, 128, 128, 128, 128, 128,
         128, 128, 128, 128],
        [128, 128, 128, 128, 128, 128, 128, 128, 128, 128, 128, 128, 128, 128,
         128, 128, 128, 128, 128, 128, 128, 128, 128, 128, 128, 128, 128, 128,
         128, 128, 128, 128],
        [128, 128, 128, 128, 128, 128, 128, 128, 128, 128, 128, 128, 128, 128,
         128, 128, 128, 128, 128, 128, 128, 128, 128, 128, 128, 128, 128, 128,
         128, 128, 128, 128],
        [128, 128, 128, 128, 128, 128, 128, 128, 128, 128, 128, 128, 128, 128,
         128, 128, 128, 128, 128, 128, 128, 128, 128, 128, 128, 128, 128, 128,
         128, 128, 128, 128],
        [128, 128, 128, 128, 128, 128, 128, 128, 128, 128, 128, 128, 128, 128,
         128, 128, 128, 128, 128, 128, 128, 128, 128, 128, 128, 128, 128, 128,
         128, 128, 128, 128],
        [128, 128, 128, 128, 128, 128, 128, 128, 128, 128, 128, 128, 128, 128,
         128, 128, 128, 128, 128, 128, 128, 128, 128, 128, 128, 128, 128, 128,
         128, 128, 128, 128],
        [128, 128, 128, 128, 128, 128, 128, 128, 128, 128, 128, 128, 128, 128,
         128, 128, 128, 128, 128, 128, 128, 128, 128, 128, 128, 128, 128, 128,
         128, 128, 128, 128],
        [128, 128, 128, 128, 128, 128, 128, 128, 128, 128, 128, 128, 128, 128,
         128, 128, 128, 128, 128, 128, 128, 128, 128, 128, 128, 128, 128, 128,
         128, 128, 128, 128],
        [128, 128, 128, 128, 128, 128, 128, 128, 128, 128, 128, 128, 128, 128,
         128, 128, 128, 128, 128, 128, 128, 128, 128, 128, 128, 128, 128, 128,
         128, 128, 128, 128],
        [128, 128, 128, 128, 128, 128, 128, 128, 128, 128, 128, 128, 128, 128,
         128, 128, 128, 128, 128, 128, 128, 128, 128, 128, 128, 128, 128, 128,
         128, 128, 128, 128],
        [128, 128, 128, 128, 128, 128, 128, 128, 128, 128, 128, 128, 128, 128,
         128, 128, 128, 128, 128, 128, 128, 128, 128, 128, 128, 128, 128, 128,
         128, 128, 128, 128]], device='cuda:3')tensor([[128, 128, 128, 128, 128, 128, 128, 128, 128, 128, 128, 128, 128, 128,
         128, 128, 128, 128, 128, 128, 128, 128, 128, 128, 128, 128, 128, 128,
         128, 128, 128, 128],
        [128, 128, 128, 128, 128, 128, 128, 128, 128, 128, 128, 128, 128, 128,
         128, 128, 128, 128, 128, 128, 128, 128, 128, 128, 128, 128, 128, 128,
         128, 128, 128, 128],
        [128, 128, 128, 128, 128, 128, 128, 128, 128, 128, 128, 128, 128, 128,
         128, 128, 128, 128, 128, 128, 128, 128, 128, 128, 128, 128, 128, 128,
         128, 128, 128, 128],
        [128, 128, 128, 128, 128, 128, 128, 128, 128, 128, 128, 128, 128, 128,
         128, 128, 128, 128, 128, 128, 128, 128, 128, 128, 128, 128, 128, 128,
         128, 128, 128, 128],
        [128, 128, 128, 128, 128, 128, 128, 128, 128, 128, 128, 128, 128, 128,
         128, 128, 128, 128, 128, 128, 128, 128, 128, 128, 128, 128, 128, 128,
         128, 128, 128, 128],
        [128, 128, 128, 128, 128, 128, 128, 128, 128, 128, 128, 128, 128, 128,
         128, 128, 128, 128, 128, 128, 128, 128, 128, 128, 128, 128, 128, 128,
         128, 128, 128, 128],
        [128, 128, 128, 128, 128, 128, 128, 128, 128, 128, 128, 128, 128, 128,
         128, 128, 128, 128, 128, 128, 128, 128, 128, 128, 128, 128, 128, 128,
         128, 128, 128, 128],
        [128, 128, 128, 128, 128, 128, 128, 128, 128, 128, 128, 128, 128, 128,
         128, 128, 128, 128, 128, 128, 128, 128, 128, 128, 128, 128, 128, 128,
         128, 128, 128, 128],
        [128, 128, 128, 128, 128, 128, 128, 128, 128, 128, 128, 128, 128, 128,
         128, 128, 128, 128, 128, 128, 128, 128, 128, 128, 128, 128, 128, 128,
         128, 128, 128, 128],
        [128, 128, 128, 128, 128, 128, 128, 128, 128, 128, 128, 128, 128, 128,
         128, 128, 128, 128, 128, 128, 128, 128, 128, 128, 128, 128, 128, 128,
         128, 128, 128, 128],
        [128, 128, 128, 128, 128, 128, 128, 128, 128, 128, 128, 128, 128, 128,
         128, 128, 128, 128, 128, 128, 128, 128, 128, 128, 128, 128, 128, 128,
         128, 128, 128, 128],
        [128, 128, 128, 128, 128, 128, 128, 128, 128, 128, 128, 128, 128, 128,
         128, 128, 128, 128, 128, 128, 128, 128, 128, 128, 128, 128, 128, 128,
         128, 128, 128, 128],
        [128, 128, 128, 128, 128, 128, 128, 128, 128, 128, 128, 128, 128, 128,
         128, 128, 128, 128, 128, 128, 128, 128, 128, 128, 128, 128, 128, 128,
         128, 128, 128, 128],
        [128, 128, 128, 128, 128, 128, 128, 128, 128, 128, 128, 128, 128, 128,
         128, 128, 128, 128, 128, 128, 128, 128, 128, 128, 128, 128, 128, 128,
         128, 128, 128, 128],
        [128, 128, 128, 128, 128, 128, 128, 128, 128, 128, 128, 128, 128, 128,
         128, 128, 128, 128, 128, 128, 128, 128, 128, 128, 128, 128, 128, 128,
         128, 128, 128, 128],
        [128, 128, 128, 128, 128, 128, 128, 128, 128, 128, 128, 128, 128, 128,
         128, 128, 128, 128, 128, 128, 128, 128, 128, 128, 128, 128, 128, 128,
         128, 128, 128, 128]], device='cuda:2')tensor([[128, 128, 128, 128, 128, 128, 128, 128, 128, 128, 128, 128, 128, 128,
         128, 128, 128, 128, 128, 128, 128, 128, 128, 128, 128, 128, 128, 128,
         128, 128, 128, 128],
        [128, 128, 128, 128, 128, 128, 128, 128, 128, 128, 128, 128, 128, 128,
         128, 128, 128, 128, 128, 128, 128, 128, 128, 128, 128, 128, 128, 128,
         128, 128, 128, 128],
        [128, 128, 128, 128, 128, 128, 128, 128, 128, 128, 128, 128, 128, 128,
         128, 128, 128, 128, 128, 128, 128, 128, 128, 128, 128, 128, 128, 128,
         128, 128, 128, 128],
        [128, 128, 128, 128, 128, 128, 128, 128, 128, 128, 128, 128, 128, 128,
         128, 128, 128, 128, 128, 128, 128, 128, 128, 128, 128, 128, 128, 128,
         128, 128, 128, 128],
        [128, 128, 128, 128, 128, 128, 128, 128, 128, 128, 128, 128, 128, 128,
         128, 128, 128, 128, 128, 128, 128, 128, 128, 128, 128, 128, 128, 128,
         128, 128, 128, 128],
        [128, 128, 128, 128, 128, 128, 128, 128, 128, 128, 128, 128, 128, 128,
         128, 128, 128, 128, 128, 128, 128, 128, 128, 128, 128, 128, 128, 128,
         128, 128, 128, 128],
        [128, 128, 128, 128, 128, 128, 128, 128, 128, 128, 128, 128, 128, 128,
         128, 128, 128, 128, 128, 128, 128, 128, 128, 128, 128, 128, 128, 128,
         128, 128, 128, 128],
        [128, 128, 128, 128, 128, 128, 128, 128, 128, 128, 128, 128, 128, 128,
         128, 128, 128, 128, 128, 128, 128, 128, 128, 128, 128, 128, 128, 128,
         128, 128, 128, 128],
        [128, 128, 128, 128, 128, 128, 128, 128, 128, 128, 128, 128, 128, 128,
         128, 128, 128, 128, 128, 128, 128, 128, 128, 128, 128, 128, 128, 128,
         128, 128, 128, 128],
        [128, 128, 128, 128, 128, 128, 128, 128, 128, 128, 128, 128, 128, 128,
         128, 128, 128, 128, 128, 128, 128, 128, 128, 128, 128, 128, 128, 128,
         128, 128, 128, 128],
        [128, 128, 128, 128, 128, 128, 128, 128, 128, 128, 128, 128, 128, 128,
         128, 128, 128, 128, 128, 128, 128, 128, 128, 128, 128, 128, 128, 128,
         128, 128, 128, 128],
        [128, 128, 128, 128, 128, 128, 128, 128, 128, 128, 128, 128, 128, 128,
         128, 128, 128, 128, 128, 128, 128, 128, 128, 128, 128, 128, 128, 128,
         128, 128, 128, 128],
        [128, 128, 128, 128, 128, 128, 128, 128, 128, 128, 128, 128, 128, 128,
         128, 128, 128, 128, 128, 128, 128, 128, 128, 128, 128, 128, 128, 128,
         128, 128, 128, 128],
        [128, 128, 128, 128, 128, 128, 128, 128, 128, 128, 128, 128, 128, 128,
         128, 128, 128, 128, 128, 128, 128, 128, 128, 128, 128, 128, 128, 128,
         128, 128, 128, 128],
        [128, 128, 128, 128, 128, 128, 128, 128, 128, 128, 128, 128, 128, 128,
         128, 128, 128, 128, 128, 128, 128, 128, 128, 128, 128, 128, 128, 128,
         128, 128, 128, 128],
        [128, 128, 128, 128, 128, 128, 128, 128, 128, 128, 128, 128, 128, 128,
         128, 128, 128, 128, 128, 128, 128, 128, 128, 128, 128, 128, 128, 128,
         128, 128, 128, 128]], device='cuda:1')tensor([[128, 128, 128, 128, 128, 128, 128, 128, 128, 128, 128, 128, 128, 128,
         128, 128, 128, 128, 128, 128, 128, 128, 128, 128, 128, 128, 128, 128,
         128, 128, 128, 128],
        [128, 128, 128, 128, 128, 128, 128, 128, 128, 128, 128, 128, 128, 128,
         128, 128, 128, 128, 128, 128, 128, 128, 128, 128, 128, 128, 128, 128,
         128, 128, 128, 128],
        [128, 128, 128, 128, 128, 128, 128, 128, 128, 128, 128, 128, 128, 128,
         128, 128, 128, 128, 128, 128, 128, 128, 128, 128, 128, 128, 128, 128,
         128, 128, 128, 128],
        [128, 128, 128, 128, 128, 128, 128, 128, 128, 128, 128, 128, 128, 128,
         128, 128, 128, 128, 128, 128, 128, 128, 128, 128, 128, 128, 128, 128,
         128, 128, 128, 128],
        [128, 128, 128, 128, 128, 128, 128, 128, 128, 128, 128, 128, 128, 128,
         128, 128, 128, 128, 128, 128, 128, 128, 128, 128, 128, 128, 128, 128,
         128, 128, 128, 128],
        [128, 128, 128, 128, 128, 128, 128, 128, 128, 128, 128, 128, 128, 128,
         128, 128, 128, 128, 128, 128, 128, 128, 128, 128, 128, 128, 128, 128,
         128, 128, 128, 128],
        [128, 128, 128, 128, 128, 128, 128, 128, 128, 128, 128, 128, 128, 128,
         128, 128, 128, 128, 128, 128, 128, 128, 128, 128, 128, 128, 128, 128,
         128, 128, 128, 128],
        [128, 128, 128, 128, 128, 128, 128, 128, 128, 128, 128, 128, 128, 128,
         128, 128, 128, 128, 128, 128, 128, 128, 128, 128, 128, 128, 128, 128,
         128, 128, 128, 128],
        [128, 128, 128, 128, 128, 128, 128, 128, 128, 128, 128, 128, 128, 128,
         128, 128, 128, 128, 128, 128, 128, 128, 128, 128, 128, 128, 128, 128,
         128, 128, 128, 128],
        [128, 128, 128, 128, 128, 128, 128, 128, 128, 128, 128, 128, 128, 128,
         128, 128, 128, 128, 128, 128, 128, 128, 128, 128, 128, 128, 128, 128,
         128, 128, 128, 128],
        [128, 128, 128, 128, 128, 128, 128, 128, 128, 128, 128, 128, 128, 128,
         128, 128, 128, 128, 128, 128, 128, 128, 128, 128, 128, 128, 128, 128,
         128, 128, 128, 128],
        [128, 128, 128, 128, 128, 128, 128, 128, 128, 128, 128, 128, 128, 128,
         128, 128, 128, 128, 128, 128, 128, 128, 128, 128, 128, 128, 128, 128,
         128, 128, 128, 128],
        [128, 128, 128, 128, 128, 128, 128, 128, 128, 128, 128, 128, 128, 128,
         128, 128, 128, 128, 128, 128, 128, 128, 128, 128, 128, 128, 128, 128,
         128, 128, 128, 128],
        [128, 128, 128, 128, 128, 128, 128, 128, 128, 128, 128, 128, 128, 128,
         128, 128, 128, 128, 128, 128, 128, 128, 128, 128, 128, 128, 128, 128,
         128, 128, 128, 128],
        [128, 128, 128, 128, 128, 128, 128, 128, 128, 128, 128, 128, 128, 128,
         128, 128, 128, 128, 128, 128, 128, 128, 128, 128, 128, 128, 128, 128,
         128, 128, 128, 128],
        [128, 128, 128, 128, 128, 128, 128, 128, 128, 128, 128, 128, 128, 128,
         128, 128, 128, 128, 128, 128, 128, 128, 128, 128, 128, 128, 128, 128,
         128, 128, 128, 128]], device='cuda:3')tensor([[128, 128, 128, 128, 128, 128, 128, 128, 128, 128, 128, 128, 128, 128,
         128, 128, 128, 128, 128, 128, 128, 128, 128, 128, 128, 128, 128, 128,
         128, 128, 128, 128],
        [128, 128, 128, 128, 128, 128, 128, 128, 128, 128, 128, 128, 128, 128,
         128, 128, 128, 128, 128, 128, 128, 128, 128, 128, 128, 128, 128, 128,
         128, 128, 128, 128],
        [128, 128, 128, 128, 128, 128, 128, 128, 128, 128, 128, 128, 128, 128,
         128, 128, 128, 128, 128, 128, 128, 128, 128, 128, 128, 128, 128, 128,
         128, 128, 128, 128],
        [128, 128, 128, 128, 128, 128, 128, 128, 128, 128, 128, 128, 128, 128,
         128, 128, 128, 128, 128, 128, 128, 128, 128, 128, 128, 128, 128, 128,
         128, 128, 128, 128],
        [128, 128, 128, 128, 128, 128, 128, 128, 128, 128, 128, 128, 128, 128,
         128, 128, 128, 128, 128, 128, 128, 128, 128, 128, 128, 128, 128, 128,
         128, 128, 128, 128],
        [128, 128, 128, 128, 128, 128, 128, 128, 128, 128, 128, 128, 128, 128,
         128, 128, 128, 128, 128, 128, 128, 128, 128, 128, 128, 128, 128, 128,
         128, 128, 128, 128],
        [128, 128, 128, 128, 128, 128, 128, 128, 128, 128, 128, 128, 128, 128,
         128, 128, 128, 128, 128, 128, 128, 128, 128, 128, 128, 128, 128, 128,
         128, 128, 128, 128],
        [128, 128, 128, 128, 128, 128, 128, 128, 128, 128, 128, 128, 128, 128,
         128, 128, 128, 128, 128, 128, 128, 128, 128, 128, 128, 128, 128, 128,
         128, 128, 128, 128],
        [128, 128, 128, 128, 128, 128, 128, 128, 128, 128, 128, 128, 128, 128,
         128, 128, 128, 128, 128, 128, 128, 128, 128, 128, 128, 128, 128, 128,
         128, 128, 128, 128],
        [128, 128, 128, 128, 128, 128, 128, 128, 128, 128, 128, 128, 128, 128,
         128, 128, 128, 128, 128, 128, 128, 128, 128, 128, 128, 128, 128, 128,
         128, 128, 128, 128],
        [128, 128, 128, 128, 128, 128, 128, 128, 128, 128, 128, 128, 128, 128,
         128, 128, 128, 128, 128, 128, 128, 128, 128, 128, 128, 128, 128, 128,
         128, 128, 128, 128],
        [128, 128, 128, 128, 128, 128, 128, 128, 128, 128, 128, 128, 128, 128,
         128, 128, 128, 128, 128, 128, 128, 128, 128, 128, 128, 128, 128, 128,
         128, 128, 128, 128],
        [128, 128, 128, 128, 128, 128, 128, 128, 128, 128, 128, 128, 128, 128,
         128, 128, 128, 128, 128, 128, 128, 128, 128, 128, 128, 128, 128, 128,
         128, 128, 128, 128],
        [128, 128, 128, 128, 128, 128, 128, 128, 128, 128, 128, 128, 128, 128,
         128, 128, 128, 128, 128, 128, 128, 128, 128, 128, 128, 128, 128, 128,
         128, 128, 128, 128],
        [128, 128, 128, 128, 128, 128, 128, 128, 128, 128, 128, 128, 128, 128,
         128, 128, 128, 128, 128, 128, 128, 128, 128, 128, 128, 128, 128, 128,
         128, 128, 128, 128],
        [128, 128, 128, 128, 128, 128, 128, 128, 128, 128, 128, 128, 128, 128,
         128, 128, 128, 128, 128, 128, 128, 128, 128, 128, 128, 128, 128, 128,
         128, 128, 128, 128]], device='cuda:0')tensor([[128, 128, 128, 128, 128, 128, 128, 128, 128, 128, 128, 128, 128, 128,
         128, 128, 128, 128, 128, 128, 128, 128, 128, 128, 128, 128, 128, 128,
         128, 128, 128, 128],
        [128, 128, 128, 128, 128, 128, 128, 128, 128, 128, 128, 128, 128, 128,
         128, 128, 128, 128, 128, 128, 128, 128, 128, 128, 128, 128, 128, 128,
         128, 128, 128, 128],
        [128, 128, 128, 128, 128, 128, 128, 128, 128, 128, 128, 128, 128, 128,
         128, 128, 128, 128, 128, 128, 128, 128, 128, 128, 128, 128, 128, 128,
         128, 128, 128, 128],
        [128, 128, 128, 128, 128, 128, 128, 128, 128, 128, 128, 128, 128, 128,
         128, 128, 128, 128, 128, 128, 128, 128, 128, 128, 128, 128, 128, 128,
         128, 128, 128, 128],
        [128, 128, 128, 128, 128, 128, 128, 128, 128, 128, 128, 128, 128, 128,
         128, 128, 128, 128, 128, 128, 128, 128, 128, 128, 128, 128, 128, 128,
         128, 128, 128, 128],
        [128, 128, 128, 128, 128, 128, 128, 128, 128, 128, 128, 128, 128, 128,
         128, 128, 128, 128, 128, 128, 128, 128, 128, 128, 128, 128, 128, 128,
         128, 128, 128, 128],
        [128, 128, 128, 128, 128, 128, 128, 128, 128, 128, 128, 128, 128, 128,
         128, 128, 128, 128, 128, 128, 128, 128, 128, 128, 128, 128, 128, 128,
         128, 128, 128, 128],
        [128, 128, 128, 128, 128, 128, 128, 128, 128, 128, 128, 128, 128, 128,
         128, 128, 128, 128, 128, 128, 128, 128, 128, 128, 128, 128, 128, 128,
         128, 128, 128, 128],
        [128, 128, 128, 128, 128, 128, 128, 128, 128, 128, 128, 128, 128, 128,
         128, 128, 128, 128, 128, 128, 128, 128, 128, 128, 128, 128, 128, 128,
         128, 128, 128, 128],
        [128, 128, 128, 128, 128, 128, 128, 128, 128, 128, 128, 128, 128, 128,
         128, 128, 128, 128, 128, 128, 128, 128, 128, 128, 128, 128, 128, 128,
         128, 128, 128, 128],
        [128, 128, 128, 128, 128, 128, 128, 128, 128, 128, 128, 128, 128, 128,
         128, 128, 128, 128, 128, 128, 128, 128, 128, 128, 128, 128, 128, 128,
         128, 128, 128, 128],
        [128, 128, 128, 128, 128, 128, 128, 128, 128, 128, 128, 128, 128, 128,
         128, 128, 128, 128, 128, 128, 128, 128, 128, 128, 128, 128, 128, 128,
         128, 128, 128, 128],
        [128, 128, 128, 128, 128, 128, 128, 128, 128, 128, 128, 128, 128, 128,
         128, 128, 128, 128, 128, 128, 128, 128, 128, 128, 128, 128, 128, 128,
         128, 128, 128, 128],
        [128, 128, 128, 128, 128, 128, 128, 128, 128, 128, 128, 128, 128, 128,
         128, 128, 128, 128, 128, 128, 128, 128, 128, 128, 128, 128, 128, 128,
         128, 128, 128, 128],
        [128, 128, 128, 128, 128, 128, 128, 128, 128, 128, 128, 128, 128, 128,
         128, 128, 128, 128, 128, 128, 128, 128, 128, 128, 128, 128, 128, 128,
         128, 128, 128, 128],
        [128, 128, 128, 128, 128, 128, 128, 128, 128, 128, 128, 128, 128, 128,
         128, 128, 128, 128, 128, 128, 128, 128, 128, 128, 128, 128, 128, 128,
         128, 128, 128, 128]], device='cuda:1')tensor([[128, 128, 128, 128, 128, 128, 128, 128, 128, 128, 128, 128, 128, 128,
         128, 128, 128, 128, 128, 128, 128, 128, 128, 128, 128, 128, 128, 128,
         128, 128, 128, 128],
        [128, 128, 128, 128, 128, 128, 128, 128, 128, 128, 128, 128, 128, 128,
         128, 128, 128, 128, 128, 128, 128, 128, 128, 128, 128, 128, 128, 128,
         128, 128, 128, 128],
        [128, 128, 128, 128, 128, 128, 128, 128, 128, 128, 128, 128, 128, 128,
         128, 128, 128, 128, 128, 128, 128, 128, 128, 128, 128, 128, 128, 128,
         128, 128, 128, 128],
        [128, 128, 128, 128, 128, 128, 128, 128, 128, 128, 128, 128, 128, 128,
         128, 128, 128, 128, 128, 128, 128, 128, 128, 128, 128, 128, 128, 128,
         128, 128, 128, 128],
        [128, 128, 128, 128, 128, 128, 128, 128, 128, 128, 128, 128, 128, 128,
         128, 128, 128, 128, 128, 128, 128, 128, 128, 128, 128, 128, 128, 128,
         128, 128, 128, 128],
        [128, 128, 128, 128, 128, 128, 128, 128, 128, 128, 128, 128, 128, 128,
         128, 128, 128, 128, 128, 128, 128, 128, 128, 128, 128, 128, 128, 128,
         128, 128, 128, 128],
        [128, 128, 128, 128, 128, 128, 128, 128, 128, 128, 128, 128, 128, 128,
         128, 128, 128, 128, 128, 128, 128, 128, 128, 128, 128, 128, 128, 128,
         128, 128, 128, 128],
        [128, 128, 128, 128, 128, 128, 128, 128, 128, 128, 128, 128, 128, 128,
         128, 128, 128, 128, 128, 128, 128, 128, 128, 128, 128, 128, 128, 128,
         128, 128, 128, 128],
        [128, 128, 128, 128, 128, 128, 128, 128, 128, 128, 128, 128, 128, 128,
         128, 128, 128, 128, 128, 128, 128, 128, 128, 128, 128, 128, 128, 128,
         128, 128, 128, 128],
        [128, 128, 128, 128, 128, 128, 128, 128, 128, 128, 128, 128, 128, 128,
         128, 128, 128, 128, 128, 128, 128, 128, 128, 128, 128, 128, 128, 128,
         128, 128, 128, 128],
        [128, 128, 128, 128, 128, 128, 128, 128, 128, 128, 128, 128, 128, 128,
         128, 128, 128, 128, 128, 128, 128, 128, 128, 128, 128, 128, 128, 128,
         128, 128, 128, 128],
        [128, 128, 128, 128, 128, 128, 128, 128, 128, 128, 128, 128, 128, 128,
         128, 128, 128, 128, 128, 128, 128, 128, 128, 128, 128, 128, 128, 128,
         128, 128, 128, 128],
        [128, 128, 128, 128, 128, 128, 128, 128, 128, 128, 128, 128, 128, 128,
         128, 128, 128, 128, 128, 128, 128, 128, 128, 128, 128, 128, 128, 128,
         128, 128, 128, 128],
        [128, 128, 128, 128, 128, 128, 128, 128, 128, 128, 128, 128, 128, 128,
         128, 128, 128, 128, 128, 128, 128, 128, 128, 128, 128, 128, 128, 128,
         128, 128, 128, 128],
        [128, 128, 128, 128, 128, 128, 128, 128, 128, 128, 128, 128, 128, 128,
         128, 128, 128, 128, 128, 128, 128, 128, 128, 128, 128, 128, 128, 128,
         128, 128, 128, 128],
        [128, 128, 128, 128, 128, 128, 128, 128, 128, 128, 128, 128, 128, 128,
         128, 128, 128, 128, 128, 128, 128, 128, 128, 128, 128, 128, 128, 128,
         128, 128, 128, 128]], device='cuda:2')tensor([[128, 128, 128, 128, 128, 128, 128, 128, 128, 128, 128, 128, 128, 128,
         128, 128, 128, 128, 128, 128, 128, 128, 128, 128, 128, 128, 128, 128,
         128, 128, 128, 128],
        [128, 128, 128, 128, 128, 128, 128, 128, 128, 128, 128, 128, 128, 128,
         128, 128, 128, 128, 128, 128, 128, 128, 128, 128, 128, 128, 128, 128,
         128, 128, 128, 128],
        [128, 128, 128, 128, 128, 128, 128, 128, 128, 128, 128, 128, 128, 128,
         128, 128, 128, 128, 128, 128, 128, 128, 128, 128, 128, 128, 128, 128,
         128, 128, 128, 128],
        [128, 128, 128, 128, 128, 128, 128, 128, 128, 128, 128, 128, 128, 128,
         128, 128, 128, 128, 128, 128, 128, 128, 128, 128, 128, 128, 128, 128,
         128, 128, 128, 128],
        [128, 128, 128, 128, 128, 128, 128, 128, 128, 128, 128, 128, 128, 128,
         128, 128, 128, 128, 128, 128, 128, 128, 128, 128, 128, 128, 128, 128,
         128, 128, 128, 128],
        [128, 128, 128, 128, 128, 128, 128, 128, 128, 128, 128, 128, 128, 128,
         128, 128, 128, 128, 128, 128, 128, 128, 128, 128, 128, 128, 128, 128,
         128, 128, 128, 128],
        [128, 128, 128, 128, 128, 128, 128, 128, 128, 128, 128, 128, 128, 128,
         128, 128, 128, 128, 128, 128, 128, 128, 128, 128, 128, 128, 128, 128,
         128, 128, 128, 128],
        [128, 128, 128, 128, 128, 128, 128, 128, 127, 128, 128, 128, 128, 128,
         128, 128, 128, 128, 128, 128, 128, 128, 128, 128, 128, 128, 128, 128,
         128, 128, 128, 128],
        [128, 128, 128, 128, 128, 128, 128, 128, 128, 128, 128, 128, 128, 128,
         128, 128, 128, 128, 128, 128, 128, 128, 128, 128, 128, 128, 128, 128,
         128, 128, 128, 128],
        [128, 128, 128, 128, 128, 128, 128, 128, 128, 128, 128, 128, 128, 128,
         128, 128, 128, 128, 128, 128, 128, 128, 128, 128, 128, 128, 128, 128,
         128, 128, 128, 128],
        [128, 128, 128, 128, 128, 128, 128, 128, 128, 128, 128, 128, 128, 128,
         128, 128, 128, 128, 128, 128, 128, 128, 128, 128, 128, 128, 128, 128,
         128, 128, 128, 128],
        [128, 128, 128, 128, 128, 128, 128, 128, 128, 128, 128, 128, 128, 128,
         128, 128, 128, 128, 128, 128, 128, 128, 128, 128, 128, 128, 128, 128,
         128, 128, 128, 128],
        [128, 128, 128, 128, 128, 128, 128, 128, 128, 128, 128, 128, 128, 128,
         128, 128, 128, 128, 128, 128, 128, 128, 128, 128, 128, 128, 128, 128,
         128, 128, 128, 128],
        [128, 128, 128, 128, 128, 128, 128, 128, 128, 128, 128, 128, 128, 128,
         128, 128, 128, 128, 128, 128, 128, 128, 128, 128, 128, 128, 128, 128,
         128, 128, 128, 128],
        [128, 128, 128, 128, 128, 128, 128, 128, 128, 128, 128, 128, 128, 128,
         128, 128, 128, 128, 128, 128, 128, 128, 128, 128, 128, 128, 128, 128,
         128, 128, 128, 128],
        [128, 128, 128, 128, 128, 128, 128, 128, 128, 128, 128, 128, 128, 128,
         128, 128, 128, 128, 128, 128, 128, 128, 128, 128, 128, 128, 128, 128,
         128, 128, 128, 128]], device='cuda:2')tensor([[128, 128, 128, 128, 128, 128, 128, 128, 128, 128, 128, 128, 128, 128,
         128, 128, 128, 128, 128, 128, 128, 128, 128, 128, 128, 128, 128, 128,
         128, 128, 128, 128],
        [128, 128, 128, 128, 128, 128, 128, 128, 128, 128, 128, 128, 128, 128,
         128, 128, 128, 128, 128, 128, 128, 128, 128, 128, 128, 128, 128, 128,
         128, 128, 128, 128],
        [128, 128, 128, 128, 128, 128, 128, 128, 128, 128, 128, 128, 128, 128,
         128, 128, 128, 128, 128, 128, 128, 128, 128, 128, 128, 128, 128, 128,
         128, 128, 128, 128],
        [128, 128, 128, 128, 128, 128, 128, 128, 128, 128, 128, 128, 128, 128,
         128, 128, 128, 128, 128, 128, 128, 128, 128, 128, 128, 128, 128, 128,
         128, 128, 128, 128],
        [128, 128, 128, 128, 128, 128, 128, 128, 128, 128, 128, 128, 128, 128,
         128, 128, 128, 128, 128, 128, 128, 128, 128, 128, 128, 128, 128, 128,
         128, 128, 128, 128],
        [128, 128, 128, 128, 128, 128, 128, 128, 128, 128, 128, 128, 128, 128,
         128, 128, 128, 128, 128, 128, 128, 128, 128, 128, 128, 128, 128, 128,
         128, 128, 128, 128],
        [128, 128, 128, 128, 128, 128, 128, 128, 128, 128, 128, 128, 128, 128,
         128, 128, 128, 128, 128, 128, 128, 128, 128, 128, 128, 128, 128, 128,
         128, 128, 128, 128],
        [128, 128, 128, 128, 128, 128, 128, 128, 128, 128, 128, 128, 128, 128,
         128, 128, 128, 128, 128, 128, 128, 128, 128, 128, 128, 128, 128, 128,
         128, 128, 128, 128],
        [128, 128, 128, 128, 128, 128, 128, 128, 128, 128, 128, 128, 128, 128,
         128, 128, 128, 128, 128, 128, 128, 128, 128, 128, 128, 128, 128, 128,
         128, 128, 128, 128],
        [128, 128, 128, 128, 128, 128, 128, 128, 128, 128, 128, 128, 128, 128,
         128, 128, 128, 128, 128, 128, 128, 128, 128, 128, 128, 128, 128, 128,
         128, 128, 128, 128],
        [128, 128, 128, 128, 128, 128, 128, 128, 128, 128, 128, 128, 128, 128,
         128, 128, 128, 128, 128, 128, 128, 128, 128, 128, 128, 128, 128, 128,
         128, 128, 128, 128],
        [128, 128, 128, 128, 128, 128, 128, 128, 128, 128, 128, 128, 128, 128,
         128, 128, 128, 128, 128, 128, 128, 128, 128, 128, 128, 128, 128, 128,
         128, 128, 128, 128],
        [128, 128, 128, 128, 128, 128, 128, 128, 128, 128, 128, 128, 128, 128,
         128, 128, 128, 128, 128, 128, 128, 128, 128, 128, 128, 128, 128, 128,
         128, 128, 128, 128],
        [128, 128, 128, 128, 128, 128, 128, 128, 128, 128, 128, 128, 128, 128,
         128, 128, 128, 128, 128, 128, 128, 128, 128, 128, 128, 128, 128, 128,
         128, 128, 128, 128],
        [128, 128, 128, 128, 128, 128, 128, 128, 128, 128, 128, 128, 128, 128,
         128, 128, 128, 128, 128, 128, 128, 128, 128, 128, 128, 128, 128, 128,
         128, 128, 128, 128],
        [128, 128, 128, 128, 128, 128, 128, 128, 128, 128, 128, 128, 128, 128,
         128, 128, 128, 128, 128, 128, 128, 128, 128, 128, 128, 128, 128, 128,
         128, 128, 128, 128]], device='cuda:3')tensor([[128, 128, 128, 128, 128, 128, 128, 128, 128, 128, 128, 128, 128, 128,
         128, 128, 128, 128, 128, 128, 128, 128, 128, 128, 128, 128, 128, 128,
         128, 128, 128, 128],
        [128, 128, 128, 128, 128, 128, 128, 128, 128, 128, 128, 128, 128, 128,
         128, 128, 128, 128, 128, 128, 128, 128, 128, 128, 128, 128, 128, 128,
         128, 128, 128, 128],
        [128, 128, 128, 128, 128, 128, 128, 128, 128, 128, 128, 128, 128, 128,
         128, 128, 128, 128, 128, 128, 128, 128, 128, 128, 128, 128, 128, 128,
         128, 128, 128, 128],
        [128, 128, 128, 128, 128, 128, 128, 128, 128, 128, 128, 128, 128, 128,
         128, 128, 128, 128, 128, 128, 128, 128, 128, 128, 128, 128, 128, 128,
         128, 128, 128, 128],
        [128, 128, 128, 128, 128, 128, 128, 128, 128, 128, 128, 128, 128, 128,
         128, 128, 128, 128, 128, 128, 128, 128, 128, 128, 128, 128, 128, 128,
         128, 128, 128, 128],
        [128, 128, 128, 128, 128, 128, 128, 128, 128, 128, 128, 128, 128, 128,
         128, 128, 128, 128, 128, 128, 128, 128, 128, 128, 128, 128, 128, 128,
         128, 128, 128, 128],
        [128, 128, 128, 128, 128, 128, 128, 128, 128, 128, 128, 128, 128, 128,
         128, 128, 128, 128, 128, 128, 128, 128, 128, 128, 128, 128, 128, 128,
         128, 128, 128, 128],
        [128, 128, 128, 128, 128, 128, 128, 128, 128, 128, 128, 128, 128, 128,
         128, 128, 128, 128, 128, 128, 128, 128, 128, 128, 128, 128, 128, 128,
         128, 128, 128, 128],
        [128, 128, 128, 128, 128, 128, 128, 128, 128, 128, 128, 128, 128, 128,
         128, 128, 128, 128, 128, 128, 128, 128, 128, 128, 128, 128, 128, 128,
         128, 128, 128, 128],
        [128, 128, 128, 128, 128, 128, 128, 128, 128, 128, 128, 128, 128, 128,
         128, 128, 128, 128, 128, 128, 128, 128, 128, 128, 128, 128, 128, 128,
         128, 128, 128, 128],
        [128, 128, 128, 128, 128, 128, 128, 128, 128, 128, 128, 128, 128, 128,
         128, 128, 128, 128, 128, 128, 128, 128, 128, 128, 128, 128, 128, 128,
         128, 128, 128, 128],
        [128, 128, 128, 128, 128, 128, 128, 128, 128, 128, 128, 128, 128, 128,
         128, 128, 128, 128, 128, 128, 128, 128, 128, 128, 128, 128, 128, 128,
         128, 128, 128, 128],
        [128, 128, 128, 128, 128, 128, 128, 128, 128, 128, 128, 128, 128, 128,
         128, 128, 128, 128, 128, 128, 128, 128, 128, 128, 128, 128, 128, 128,
         128, 128, 128, 128],
        [128, 128, 128, 128, 128, 128, 128, 128, 128, 128, 128, 128, 128, 128,
         128, 128, 128, 128, 128, 128, 128, 128, 128, 128, 128, 128, 128, 128,
         128, 128, 128, 128],
        [128, 128, 128, 128, 128, 128, 128, 128, 128, 128, 128, 128, 128, 128,
         128, 128, 128, 128, 128, 128, 128, 128, 128, 128, 128, 128, 128, 128,
         128, 128, 128, 128],
        [128, 128, 128, 128, 128, 128, 128, 128, 128, 128, 128, 128, 128, 128,
         128, 128, 128, 128, 128, 128, 128, 128, 128, 128, 128, 128, 128, 128,
         128, 128, 128, 128]], device='cuda:1')tensor([[128, 128, 128, 128, 128, 128, 128, 128, 128, 128, 128, 128, 128, 128,
         128, 128, 128, 128, 128, 128, 128, 128, 128, 128, 128, 128, 128, 128,
         128, 128, 128, 128],
        [128, 128, 128, 128, 128, 128, 128, 128, 128, 128, 128, 128, 128, 128,
         128, 128, 128, 128, 128, 128, 128, 128, 128, 128, 128, 128, 128, 128,
         128, 128, 128, 128],
        [128, 128, 128, 128, 128, 128, 128, 128, 128, 128, 128, 128, 128, 128,
         128, 128, 128, 128, 128, 128, 128, 128, 128, 128, 128, 128, 128, 128,
         128, 128, 128, 128],
        [128, 128, 128, 128, 128, 128, 128, 128, 128, 128, 128, 128, 128, 128,
         128, 128, 128, 128, 128, 128, 128, 128, 128, 128, 128, 128, 128, 128,
         128, 128, 128, 128],
        [128, 128, 128, 128, 128, 128, 128, 128, 128, 128, 128, 128, 128, 128,
         128, 128, 128, 128, 128, 128, 128, 128, 128, 128, 128, 128, 128, 128,
         128, 128, 128, 128],
        [128, 128, 128, 128, 128, 128, 128, 128, 128, 128, 128, 128, 128, 128,
         128, 128, 128, 128, 128, 128, 128, 128, 128, 128, 128, 128, 128, 128,
         128, 128, 128, 128],
        [128, 128, 128, 128, 128, 128, 128, 128, 128, 128, 128, 128, 128, 128,
         128, 128, 128, 128, 128, 128, 128, 128, 128, 128, 128, 128, 128, 128,
         128, 128, 128, 128],
        [128, 128, 128, 128, 128, 128, 128, 128, 128, 128, 128, 128, 128, 128,
         128, 128, 128, 128, 128, 128, 128, 128, 128, 128, 128, 128, 128, 128,
         128, 128, 128, 128],
        [128, 128, 128, 128, 128, 128, 128, 128, 128, 128, 128, 128, 128, 128,
         128, 128, 128, 128, 128, 128, 128, 128, 128, 128, 128, 128, 128, 128,
         128, 128, 128, 128],
        [128, 128, 128, 128, 128, 128, 128, 128, 128, 128, 128, 128, 128, 128,
         128, 128, 128, 128, 128, 128, 128, 128, 128, 128, 128, 128, 128, 128,
         128, 128, 128, 128],
        [128, 128, 128, 128, 128, 128, 128, 128, 128, 128, 128, 128, 128, 128,
         128, 128, 128, 128, 128, 128, 128, 128, 128, 128, 128, 128, 128, 128,
         128, 128, 128, 128],
        [128, 128, 128, 128, 128, 128, 128, 128, 128, 128, 128, 128, 128, 128,
         128, 128, 128, 128, 128, 128, 128, 128, 128, 128, 128, 128, 128, 128,
         128, 128, 128, 128],
        [128, 128, 128, 128, 128, 128, 128, 128, 128, 128, 128, 128, 128, 128,
         128, 128, 128, 128, 128, 128, 128, 128, 128, 128, 128, 128, 128, 128,
         128, 128, 128, 128],
        [128, 128, 128, 128, 128, 128, 128, 128, 128, 128, 128, 128, 128, 128,
         128, 128, 128, 128, 128, 128, 128, 128, 128, 128, 128, 128, 128, 128,
         128, 128, 128, 128],
        [128, 128, 128, 128, 128, 128, 128, 128, 128, 128, 128, 128, 128, 128,
         128, 128, 128, 128, 128, 128, 128, 128, 128, 128, 128, 128, 128, 128,
         128, 128, 128, 128],
        [128, 128, 128, 128, 128, 128, 128, 128, 128, 128, 128, 128, 128, 128,
         128, 128, 128, 128, 128, 128, 128, 128, 128, 128, 128, 128, 128, 128,
         128, 128, 128, 128]], device='cuda:0')tensor([[128, 128, 128, 128, 128, 128, 128, 128, 128, 128, 128, 128, 128, 128,
         128, 128, 128, 128, 128, 128, 128, 128, 128, 128, 128, 128, 128, 128,
         128, 128, 128, 128],
        [128, 128, 128, 128, 128, 128, 128, 128, 128, 128, 128, 128, 128, 128,
         128, 128, 128, 128, 128, 128, 128, 128, 128, 128, 128, 128, 128, 128,
         128, 128, 128, 128],
        [128, 128, 128, 128, 128, 128, 128, 128, 128, 128, 128, 128, 128, 128,
         128, 128, 128, 128, 128, 128, 128, 128, 128, 128, 128, 128, 128, 128,
         128, 128, 128, 128],
        [128, 128, 128, 128, 128, 128, 128, 128, 128, 128, 128, 128, 128, 128,
         128, 128, 128, 128, 128, 128, 128, 128, 128, 128, 128, 128, 128, 128,
         128, 128, 128, 128],
        [128, 128, 128, 128, 128, 128, 128, 128, 128, 128, 128, 128, 128, 128,
         128, 128, 128, 128, 128, 128, 128, 128, 128, 128, 128, 128, 128, 128,
         128, 128, 128, 128],
        [128, 128, 128, 128, 128, 128, 128, 128, 128, 128, 128, 128, 128, 128,
         128, 128, 128, 128, 128, 128, 128, 128, 128, 128, 128, 128, 128, 128,
         128, 128, 128, 128],
        [128, 128, 128, 128, 128, 128, 128, 128, 128, 128, 128, 128, 128, 128,
         128, 128, 128, 128, 128, 128, 128, 128, 128, 128, 128, 128, 128, 128,
         128, 128, 128, 128],
        [128, 128, 128, 128, 128, 128, 128, 128, 127, 128, 128, 128, 128, 128,
         128, 128, 128, 128, 128, 128, 128, 128, 128, 128, 128, 128, 128, 128,
         128, 128, 128, 128],
        [128, 128, 128, 128, 128, 128, 128, 128, 128, 128, 128, 128, 128, 128,
         128, 128, 128, 128, 128, 128, 128, 128, 128, 128, 128, 128, 128, 128,
         128, 128, 128, 128],
        [128, 128, 128, 128, 128, 128, 128, 128, 128, 128, 128, 128, 128, 128,
         128, 128, 128, 128, 128, 128, 128, 128, 128, 128, 128, 128, 128, 128,
         128, 128, 128, 128],
        [128, 128, 128, 128, 128, 128, 128, 128, 128, 128, 128, 128, 128, 128,
         128, 128, 128, 128, 128, 128, 128, 128, 128, 128, 128, 128, 128, 128,
         128, 128, 128, 128],
        [128, 128, 128, 128, 128, 128, 128, 128, 128, 128, 128, 128, 128, 128,
         128, 128, 128, 128, 128, 128, 128, 128, 128, 128, 128, 128, 128, 128,
         128, 128, 128, 128],
        [128, 128, 128, 128, 128, 128, 128, 128, 128, 128, 128, 128, 128, 128,
         128, 128, 128, 128, 128, 128, 128, 128, 128, 128, 128, 128, 128, 128,
         128, 128, 128, 128],
        [128, 128, 128, 128, 128, 128, 128, 128, 128, 128, 128, 128, 128, 128,
         128, 128, 128, 128, 128, 128, 128, 128, 128, 128, 128, 128, 128, 128,
         128, 128, 128, 128],
        [128, 128, 128, 128, 128, 128, 128, 128, 128, 128, 128, 128, 128, 128,
         128, 128, 128, 128, 128, 128, 128, 128, 128, 128, 128, 128, 128, 128,
         128, 128, 128, 128],
        [128, 128, 128, 128, 128, 128, 128, 128, 128, 128, 128, 128, 128, 128,
         128, 128, 128, 128, 128, 128, 128, 128, 128, 128, 128, 128, 128, 128,
         128, 128, 128, 128]], device='cuda:2')tensor([[128, 128, 128, 128, 128, 128, 128, 128, 128, 128, 128, 128, 128, 128,
         128, 128, 128, 128, 128, 128, 128, 128, 128, 128, 128, 128, 128, 128,
         128, 128, 128, 128],
        [128, 128, 128, 128, 128, 128, 128, 128, 128, 128, 128, 128, 128, 128,
         128, 128, 128, 128, 128, 128, 128, 128, 128, 128, 128, 128, 128, 128,
         128, 128, 128, 128],
        [128, 128, 128, 128, 128, 128, 128, 128, 128, 128, 128, 128, 128, 128,
         128, 128, 128, 128, 128, 128, 128, 128, 128, 128, 128, 128, 128, 128,
         128, 128, 128, 128],
        [128, 128, 128, 128, 128, 128, 128, 128, 128, 128, 128, 128, 128, 128,
         128, 128, 128, 128, 128, 128, 128, 128, 128, 128, 128, 128, 128, 128,
         128, 128, 128, 128],
        [128, 128, 128, 128, 128, 128, 128, 128, 128, 128, 128, 128, 128, 128,
         128, 128, 128, 128, 128, 128, 128, 128, 128, 128, 128, 128, 128, 128,
         128, 128, 128, 128],
        [128, 128, 128, 128, 128, 128, 128, 128, 128, 128, 128, 128, 128, 128,
         128, 128, 128, 128, 128, 128, 128, 128, 128, 128, 128, 128, 128, 128,
         128, 128, 128, 128],
        [128, 128, 128, 128, 128, 128, 128, 128, 128, 128, 128, 128, 128, 128,
         128, 128, 128, 128, 128, 128, 128, 128, 128, 128, 128, 128, 128, 128,
         128, 128, 128, 128],
        [128, 128, 128, 128, 128, 128, 128, 128, 128, 128, 128, 128, 128, 128,
         128, 128, 128, 128, 128, 128, 128, 128, 128, 128, 128, 128, 128, 128,
         128, 128, 128, 128],
        [128, 128, 128, 128, 128, 128, 128, 128, 128, 128, 128, 128, 128, 128,
         128, 128, 128, 128, 128, 128, 128, 128, 128, 128, 128, 128, 128, 128,
         128, 128, 128, 128],
        [128, 128, 128, 128, 128, 128, 128, 128, 128, 128, 128, 128, 128, 128,
         128, 128, 128, 128, 128, 128, 128, 128, 128, 128, 128, 128, 128, 128,
         128, 128, 128, 128],
        [128, 128, 128, 128, 128, 128, 128, 128, 128, 128, 128, 128, 128, 128,
         128, 128, 128, 128, 128, 128, 128, 128, 128, 128, 128, 128, 128, 128,
         128, 128, 128, 128],
        [128, 128, 128, 128, 128, 128, 128, 128, 128, 128, 128, 128, 128, 128,
         128, 128, 128, 128, 128, 128, 128, 128, 128, 128, 128, 128, 128, 128,
         128, 128, 128, 128],
        [128, 128, 128, 128, 128, 128, 128, 128, 128, 128, 128, 128, 128, 128,
         128, 128, 128, 128, 128, 128, 128, 128, 128, 128, 128, 128, 128, 128,
         128, 128, 128, 128],
        [128, 128, 128, 128, 128, 128, 128, 128, 128, 128, 128, 128, 128, 128,
         128, 128, 128, 128, 128, 128, 128, 128, 128, 128, 128, 128, 128, 128,
         128, 128, 128, 128],
        [128, 128, 128, 128, 128, 128, 128, 128, 128, 128, 128, 128, 128, 128,
         128, 128, 128, 128, 128, 128, 128, 128, 128, 128, 128, 128, 128, 128,
         128, 128, 128, 128],
        [128, 128, 128, 128, 128, 128, 128, 128, 128, 128, 128, 128, 128, 128,
         128, 128, 128, 128, 128, 128, 128, 128, 128, 128, 128, 128, 128, 128,
         128, 128, 128, 128]], device='cuda:1')tensor([[128, 128, 128, 128, 128, 128, 128, 128, 128, 128, 128, 128, 128, 128,
         128, 128, 128, 128, 128, 128, 128, 128, 128, 128, 128, 128, 128, 128,
         128, 128, 128, 128],
        [128, 128, 128, 128, 128, 128, 128, 128, 128, 128, 128, 128, 128, 128,
         128, 128, 128, 128, 128, 128, 128, 128, 128, 128, 128, 128, 128, 128,
         128, 128, 128, 128],
        [128, 128, 128, 128, 128, 128, 128, 128, 128, 128, 128, 128, 128, 128,
         128, 128, 128, 128, 128, 128, 128, 128, 128, 128, 128, 128, 128, 128,
         128, 128, 128, 128],
        [128, 128, 128, 128, 128, 128, 128, 128, 128, 128, 128, 128, 128, 128,
         128, 128, 128, 128, 128, 128, 128, 128, 128, 128, 128, 128, 128, 128,
         128, 128, 128, 128],
        [128, 128, 128, 128, 128, 128, 128, 128, 128, 128, 128, 128, 128, 128,
         128, 128, 128, 128, 128, 128, 128, 128, 128, 128, 128, 128, 128, 128,
         128, 128, 128, 128],
        [128, 128, 128, 128, 128, 128, 128, 128, 128, 128, 128, 128, 128, 128,
         128, 128, 128, 128, 128, 128, 128, 128, 128, 128, 128, 128, 128, 128,
         128, 128, 128, 128],
        [128, 128, 128, 128, 128, 128, 128, 128, 128, 128, 128, 128, 128, 128,
         128, 128, 128, 128, 128, 128, 128, 128, 128, 128, 128, 128, 128, 128,
         128, 128, 128, 128],
        [128, 128, 128, 128, 128, 128, 128, 128, 128, 128, 128, 128, 128, 128,
         128, 128, 128, 128, 128, 128, 128, 128, 128, 128, 128, 128, 128, 128,
         128, 128, 128, 128],
        [128, 128, 128, 128, 128, 128, 128, 128, 128, 128, 128, 128, 128, 128,
         128, 128, 128, 128, 128, 128, 128, 128, 128, 128, 128, 128, 128, 128,
         128, 128, 128, 128],
        [128, 128, 128, 128, 128, 128, 128, 128, 128, 128, 128, 128, 128, 128,
         128, 128, 128, 128, 128, 128, 128, 128, 128, 128, 128, 128, 128, 128,
         128, 128, 128, 128],
        [128, 128, 128, 128, 128, 128, 128, 128, 128, 128, 128, 128, 128, 128,
         128, 128, 128, 128, 128, 128, 128, 128, 128, 128, 128, 128, 128, 128,
         128, 128, 128, 128],
        [128, 128, 128, 128, 128, 128, 128, 128, 128, 128, 128, 128, 128, 128,
         128, 128, 128, 128, 128, 128, 128, 128, 128, 128, 128, 128, 128, 128,
         128, 128, 128, 128],
        [128, 128, 128, 128, 128, 128, 128, 128, 128, 128, 128, 128, 128, 128,
         128, 128, 128, 128, 128, 128, 128, 128, 128, 128, 128, 128, 128, 128,
         128, 128, 128, 128],
        [128, 128, 128, 128, 128, 128, 128, 128, 128, 128, 128, 128, 128, 128,
         128, 128, 128, 128, 128, 128, 128, 128, 128, 128, 128, 128, 128, 128,
         128, 128, 128, 128],
        [128, 128, 128, 128, 128, 128, 128, 128, 128, 128, 128, 128, 128, 128,
         128, 128, 128, 128, 128, 128, 128, 128, 128, 128, 128, 128, 128, 128,
         128, 128, 128, 128],
        [128, 128, 128, 128, 128, 128, 128, 128, 128, 128, 128, 128, 128, 128,
         128, 128, 128, 128, 128, 128, 128, 128, 128, 128, 128, 128, 128, 128,
         128, 128, 128, 128]], device='cuda:0')tensor([[128, 128, 128, 128, 128, 128, 128, 128, 128, 128, 128, 128, 128, 128,
         128, 128, 128, 128, 128, 128, 128, 128, 128, 128, 128, 128, 128, 128,
         128, 128, 128, 128],
        [128, 128, 128, 128, 128, 128, 128, 128, 128, 128, 128, 128, 128, 128,
         128, 128, 128, 128, 128, 128, 128, 128, 128, 128, 128, 128, 128, 128,
         128, 128, 128, 128],
        [128, 128, 128, 128, 128, 128, 128, 128, 128, 128, 128, 128, 128, 128,
         128, 128, 128, 128, 128, 128, 128, 128, 128, 128, 128, 128, 128, 128,
         128, 128, 128, 128],
        [128, 128, 128, 128, 128, 128, 128, 128, 128, 128, 128, 128, 128, 128,
         128, 128, 128, 128, 128, 128, 128, 128, 128, 128, 128, 128, 128, 128,
         128, 128, 128, 128],
        [128, 128, 128, 128, 128, 128, 128, 128, 128, 128, 128, 128, 128, 128,
         128, 128, 128, 128, 128, 128, 128, 128, 128, 128, 128, 128, 128, 128,
         128, 128, 128, 128],
        [128, 128, 128, 128, 128, 128, 128, 128, 128, 128, 128, 128, 128, 128,
         128, 128, 128, 128, 128, 128, 128, 128, 128, 128, 128, 128, 128, 128,
         128, 128, 128, 128],
        [128, 128, 128, 128, 128, 128, 128, 128, 128, 128, 128, 128, 128, 128,
         128, 128, 128, 128, 128, 128, 128, 128, 128, 128, 128, 128, 128, 128,
         128, 128, 128, 128],
        [128, 128, 128, 128, 128, 128, 128, 128, 128, 128, 128, 128, 128, 128,
         128, 128, 128, 128, 128, 128, 128, 128, 128, 128, 128, 128, 128, 128,
         128, 128, 128, 128],
        [128, 128, 128, 128, 128, 128, 128, 128, 128, 128, 128, 128, 128, 128,
         128, 128, 128, 128, 128, 128, 128, 128, 128, 128, 128, 128, 128, 128,
         128, 128, 128, 128],
        [128, 128, 128, 128, 128, 128, 128, 128, 128, 128, 128, 128, 128, 128,
         128, 128, 128, 128, 128, 128, 128, 128, 128, 128, 128, 128, 128, 128,
         128, 128, 128, 128],
        [128, 128, 128, 128, 128, 128, 128, 128, 128, 128, 128, 128, 128, 128,
         128, 128, 128, 128, 128, 128, 128, 128, 128, 128, 128, 128, 128, 128,
         128, 128, 128, 128],
        [128, 128, 128, 128, 128, 128, 128, 128, 128, 128, 128, 128, 128, 128,
         128, 128, 128, 128, 128, 128, 128, 128, 128, 128, 128, 128, 128, 128,
         128, 128, 128, 128],
        [128, 128, 128, 128, 128, 128, 128, 128, 128, 128, 128, 128, 128, 128,
         128, 128, 128, 128, 128, 128, 128, 128, 128, 128, 128, 128, 128, 128,
         128, 128, 128, 128],
        [128, 128, 128, 128, 128, 128, 128, 128, 128, 128, 128, 128, 128, 128,
         128, 128, 128, 128, 128, 128, 128, 128, 128, 128, 128, 128, 128, 128,
         128, 128, 128, 128],
        [128, 128, 128, 128, 128, 128, 128, 128, 128, 128, 128, 128, 128, 128,
         128, 128, 128, 128, 128, 128, 128, 128, 128, 128, 128, 128, 128, 128,
         128, 128, 128, 128],
        [128, 128, 128, 128, 128, 128, 128, 128, 128, 128, 128, 128, 128, 128,
         128, 128, 128, 128, 128, 128, 128, 128, 128, 128, 128, 128, 128, 128,
         128, 128, 128, 128]], device='cuda:3')tensor([442, 442, 442, 442, 442, 442, 442, 442, 442, 442, 442, 442, 442, 442,
        442, 442], device='cuda:1')tensor([419, 419, 419, 419, 419, 419, 419, 419, 419, 419, 419, 419, 419, 419,
        419, 419], device='cuda:0')tensor([512, 512, 512, 512, 511, 512, 512, 512, 512, 512, 511, 512, 512, 512,
        512, 512], device='cuda:2')tensor([512, 512, 512, 512, 512, 512, 512, 512, 512, 512, 512, 512, 511, 512,
        512, 512], device='cuda:3')tensor([448, 448, 448, 448, 448, 448, 448, 448, 448, 448, 448, 448, 448, 448,
        448, 448], device='cuda:2')tensor([509, 509, 509, 509, 509, 509, 509, 509, 509, 509, 509, 509, 509, 509,
        509, 509], device='cuda:0')tensor([512, 512, 512, 512, 512, 512, 512, 512, 512, 512, 510, 512, 512, 512,
        512, 512], device='cuda:1')tensor([512, 512, 512, 512, 512, 512, 512, 512, 512, 512, 512, 511, 512, 512,
        512, 512], device='cuda:3')tensor([435, 435, 435, 435, 435, 435, 435, 435, 435, 435, 435, 435, 435, 435,
        435, 435], device='cuda:2')tensor([512, 512, 512, 512, 512, 511, 512, 512, 512, 512, 512, 512, 512, 512,
        512, 511], device='cuda:0')tensor([511, 512, 512, 512, 512, 512, 511, 512, 512, 512, 511, 512, 512, 512,
        512, 512], device='cuda:1')tensor([512, 512, 512, 510, 512, 512, 512, 512, 510, 512, 512, 511, 512, 512,
        512, 512], device='cuda:3')tensor([364, 364, 364, 364, 364, 364, 364, 364, 364, 364, 364, 364, 364, 364,
        364, 364], device='cuda:2')tensor([403, 403, 403, 403, 403, 403, 403, 403, 403, 403, 403, 403, 403, 403,
        403, 403], device='cuda:1')tensor([496, 496, 496, 496, 496, 496, 496, 496, 496, 496, 496, 496, 496, 496,
        496, 496], device='cuda:0')tensor([512, 511, 512, 512, 512, 512, 512, 512, 512, 512, 512, 512, 511, 512,
        512, 511], device='cuda:3')tensor([329, 329, 329, 329, 329, 329, 329, 329, 329, 329, 329, 329, 329, 329,
        329, 329], device='cuda:0')tensor([403, 403, 401, 403, 403, 403, 403, 403, 403, 403, 403, 403, 403, 403,
        403, 403], device='cuda:3')tensor([492, 497, 507, 494, 490, 512, 493, 496, 487, 493, 500, 486, 507, 512,
        490, 512], device='cuda:2')tensor([500, 490, 512, 512, 486, 495, 512, 512, 500, 496, 488, 495, 484, 509,
        487, 512], device='cuda:1')