tensor([[128, 128, 128, 128, 128, 128, 128, 128, 128, 128, 128, 128, 128, 128,
         128, 128, 128, 128, 128, 125, 128, 128, 128, 128, 128, 128, 128, 128,
         128, 128, 128, 128],
        [128, 128, 128, 128, 128, 128, 128, 128, 128, 128, 128, 128, 128, 128,
         128, 128, 128, 128, 128, 125, 128, 128, 128, 128, 128, 128, 128, 128,
         128, 128, 128, 128],
        [128, 128, 128, 128, 128, 128, 128, 127, 128, 128, 128, 128, 128, 128,
         128, 124, 128, 128, 128, 123, 128, 128, 128, 128, 128, 125, 128, 128,
         128, 128, 128, 128],
        [128, 128, 128, 128, 128, 128, 128, 128, 128, 128, 128, 128, 128, 128,
         128, 126, 128, 128, 128, 124, 128, 128, 128, 128, 128, 128, 128, 128,
         128, 128, 128, 128],
        [128, 128, 128, 128, 128, 128, 128, 128, 128, 128, 128, 128, 128, 128,
         128, 126, 128, 128, 128, 124, 128, 128, 128, 128, 128, 128, 128, 128,
         128, 128, 128, 128],
        [128, 128, 128, 128, 128, 128, 128, 128, 128, 128, 128, 128, 128, 128,
         128, 128, 128, 128, 128, 125, 128, 128, 128, 128, 128, 128, 128, 128,
         128, 128, 128, 128],
        [128, 128, 128, 128, 128, 128, 128, 128, 128, 128, 128, 128, 128, 128,
         128, 125, 128, 128, 128, 123, 128, 128, 128, 128, 128, 126, 128, 128,
         128, 128, 128, 128],
        [128, 128, 128, 128, 128, 128, 128, 128, 128, 128, 128, 128, 128, 128,
         128, 128, 128, 128, 128, 125, 128, 128, 128, 128, 128, 128, 128, 128,
         128, 128, 128, 128],
        [128, 128, 128, 128, 128, 128, 128, 128, 128, 128, 128, 128, 128, 128,
         128, 126, 128, 128, 128, 124, 128, 128, 128, 128, 128, 126, 128, 128,
         128, 128, 128, 128],
        [128, 128, 128, 128, 128, 128, 128, 128, 128, 128, 128, 128, 128, 128,
         128, 128, 128, 128, 128, 124, 128, 128, 128, 128, 128, 128, 128, 128,
         128, 128, 128, 128],
        [128, 128, 128, 128, 128, 128, 128, 128, 128, 128, 128, 128, 128, 128,
         128, 125, 128, 128, 128, 123, 128, 128, 128, 128, 128, 126, 128, 128,
         128, 128, 128, 128],
        [128, 128, 128, 127, 128, 128, 128, 127, 128, 128, 128, 128, 128, 128,
         128, 124, 128, 128, 128, 122, 128, 128, 128, 128, 128, 124, 128, 128,
         128, 128, 128, 128],
        [128, 128, 128, 128, 128, 128, 128, 128, 128, 128, 128, 128, 128, 128,
         128, 126, 128, 128, 128, 124, 128, 128, 128, 128, 128, 127, 128, 128,
         128, 128, 128, 128],
        [128, 128, 128, 128, 128, 128, 128, 128, 128, 128, 128, 128, 128, 128,
         128, 128, 128, 128, 128, 126, 128, 128, 128, 128, 128, 128, 128, 128,
         128, 128, 128, 128],
        [128, 128, 128, 128, 128, 128, 128, 128, 128, 128, 128, 128, 128, 128,
         128, 128, 128, 128, 128, 125, 128, 128, 128, 128, 128, 128, 128, 128,
         128, 128, 128, 128],
        [128, 128, 128, 128, 128, 128, 128, 128, 128, 128, 128, 128, 128, 128,
         128, 128, 128, 128, 128, 125, 128, 128, 128, 128, 128, 128, 128, 128,
         128, 128, 128, 128]], device='cuda:3')tensor([[128, 128, 128, 128, 128, 128, 128, 128, 128, 128, 128, 128, 128, 128,
         128, 127, 128, 128, 128, 124, 128, 128, 128, 128, 128, 128, 128, 128,
         128, 128, 128, 128],
        [128, 128, 128, 127, 128, 128, 128, 127, 128, 128, 128, 128, 128, 128,
         128, 124, 128, 128, 128, 122, 128, 128, 128, 128, 128, 124, 128, 128,
         128, 128, 128, 128],
        [128, 128, 128, 128, 128, 128, 128, 128, 128, 128, 128, 128, 128, 128,
         128, 128, 128, 128, 128, 126, 128, 128, 128, 128, 128, 128, 128, 128,
         128, 128, 128, 128],
        [128, 128, 128, 128, 128, 128, 128, 128, 128, 128, 128, 128, 128, 128,
         128, 127, 128, 128, 128, 125, 128, 128, 128, 128, 128, 128, 128, 128,
         128, 128, 128, 128],
        [128, 128, 128, 128, 128, 128, 128, 128, 128, 128, 128, 128, 128, 128,
         128, 127, 128, 128, 128, 124, 128, 128, 128, 128, 128, 127, 128, 128,
         128, 128, 128, 128],
        [128, 128, 128, 128, 128, 128, 128, 128, 128, 128, 128, 128, 128, 128,
         128, 126, 128, 128, 128, 124, 128, 128, 128, 128, 128, 127, 128, 128,
         128, 128, 128, 128],
        [128, 128, 128, 128, 128, 128, 128, 128, 128, 128, 128, 128, 128, 128,
         128, 127, 128, 128, 128, 125, 128, 128, 128, 128, 128, 128, 128, 128,
         128, 128, 128, 128],
        [128, 128, 128, 128, 128, 128, 128, 128, 128, 128, 128, 128, 128, 128,
         128, 127, 128, 128, 128, 125, 128, 128, 128, 128, 128, 128, 128, 128,
         128, 128, 128, 128],
        [128, 128, 128, 128, 128, 128, 128, 128, 128, 128, 128, 128, 128, 128,
         128, 128, 128, 128, 128, 124, 128, 128, 128, 128, 128, 128, 128, 128,
         128, 128, 128, 128],
        [128, 128, 128, 128, 128, 128, 128, 128, 128, 128, 128, 128, 128, 128,
         128, 126, 128, 128, 128, 124, 128, 128, 128, 128, 128, 128, 128, 128,
         128, 128, 128, 128],
        [128, 128, 128, 128, 128, 128, 128, 128, 128, 128, 128, 128, 128, 128,
         128, 125, 128, 128, 128, 124, 128, 128, 128, 128, 128, 126, 128, 128,
         128, 128, 128, 128],
        [128, 128, 128, 128, 128, 128, 128, 128, 128, 128, 128, 128, 128, 128,
         128, 126, 128, 128, 128, 124, 128, 128, 128, 128, 128, 126, 128, 128,
         128, 128, 128, 128],
        [128, 128, 128, 128, 128, 128, 128, 128, 128, 128, 128, 128, 128, 128,
         128, 126, 128, 128, 128, 123, 128, 128, 128, 128, 128, 126, 128, 128,
         128, 128, 128, 128],
        [128, 128, 128, 128, 128, 128, 128, 128, 128, 128, 128, 128, 128, 128,
         128, 128, 128, 128, 128, 124, 128, 128, 128, 128, 128, 128, 128, 128,
         128, 128, 128, 128],
        [128, 128, 128, 128, 128, 128, 128, 128, 128, 128, 128, 128, 128, 128,
         128, 127, 128, 128, 128, 124, 128, 128, 128, 128, 128, 127, 128, 128,
         128, 128, 128, 128],
        [128, 128, 128, 128, 128, 128, 128, 128, 128, 128, 128, 128, 128, 128,
         128, 127, 128, 128, 128, 124, 128, 128, 128, 128, 128, 127, 128, 128,
         128, 128, 128, 128]], device='cuda:2')tensor([[128, 128, 128, 128, 128, 128, 128, 128, 128, 128, 128, 128, 128, 128,
         128, 128, 128, 128, 128, 125, 128, 128, 128, 128, 128, 128, 128, 128,
         128, 128, 128, 128],
        [128, 128, 128, 128, 128, 128, 128, 128, 128, 128, 128, 128, 128, 128,
         128, 128, 128, 128, 128, 124, 128, 128, 128, 128, 128, 128, 128, 128,
         128, 128, 128, 128],
        [128, 128, 128, 128, 128, 128, 128, 128, 128, 128, 128, 128, 128, 128,
         128, 128, 128, 128, 128, 124, 128, 128, 128, 128, 128, 128, 128, 128,
         128, 128, 128, 128],
        [128, 128, 128, 128, 128, 128, 128, 128, 128, 128, 128, 128, 128, 128,
         128, 127, 128, 128, 128, 124, 128, 128, 128, 128, 128, 128, 128, 128,
         128, 128, 128, 128],
        [128, 128, 128, 128, 128, 128, 128, 128, 128, 128, 128, 128, 128, 128,
         128, 128, 128, 128, 128, 125, 128, 128, 128, 128, 128, 128, 128, 128,
         128, 128, 128, 128],
        [128, 128, 128, 128, 128, 128, 128, 128, 128, 128, 128, 128, 128, 128,
         128, 128, 128, 128, 128, 125, 128, 128, 128, 128, 128, 128, 128, 128,
         128, 128, 128, 128],
        [128, 128, 128, 128, 128, 128, 128, 128, 128, 128, 128, 128, 128, 128,
         128, 126, 128, 128, 128, 124, 128, 128, 128, 128, 128, 127, 128, 128,
         128, 128, 128, 128],
        [128, 128, 128, 128, 128, 128, 128, 128, 128, 128, 128, 128, 128, 128,
         128, 125, 128, 128, 128, 124, 128, 128, 128, 128, 128, 127, 128, 128,
         128, 128, 128, 128],
        [128, 128, 128, 128, 128, 128, 128, 128, 128, 128, 128, 128, 128, 128,
         128, 127, 128, 128, 128, 124, 128, 128, 128, 128, 128, 128, 128, 128,
         128, 128, 128, 128],
        [128, 128, 128, 128, 128, 128, 128, 128, 128, 128, 128, 128, 128, 128,
         128, 128, 128, 128, 128, 126, 128, 128, 128, 128, 128, 128, 128, 128,
         128, 128, 128, 128],
        [128, 128, 128, 128, 128, 128, 128, 128, 128, 128, 128, 128, 128, 128,
         128, 128, 128, 128, 128, 125, 128, 128, 128, 128, 128, 128, 128, 128,
         128, 128, 128, 128],
        [128, 128, 128, 128, 128, 128, 128, 128, 128, 128, 128, 128, 128, 128,
         128, 126, 128, 128, 128, 124, 128, 128, 128, 128, 128, 126, 128, 128,
         128, 128, 128, 128],
        [128, 128, 128, 128, 128, 128, 128, 128, 128, 128, 128, 128, 128, 128,
         128, 128, 128, 128, 128, 124, 128, 128, 128, 128, 128, 128, 128, 128,
         128, 128, 128, 128],
        [128, 128, 128, 128, 128, 128, 128, 128, 128, 128, 128, 128, 128, 128,
         128, 125, 128, 128, 128, 123, 128, 128, 128, 128, 128, 126, 128, 128,
         128, 128, 128, 128],
        [128, 128, 128, 128, 128, 128, 128, 128, 128, 128, 128, 128, 128, 128,
         128, 128, 128, 128, 128, 125, 128, 128, 128, 128, 128, 128, 128, 128,
         128, 128, 128, 128],
        [128, 128, 128, 128, 128, 128, 128, 128, 128, 128, 128, 128, 128, 128,
         128, 126, 128, 128, 128, 124, 128, 128, 128, 128, 128, 128, 128, 128,
         128, 128, 128, 128]], device='cuda:1')tensor([[128, 128, 128, 128, 128, 128, 128, 128, 128, 128, 128, 128, 128, 128,
         128, 128, 128, 128, 128, 125, 128, 128, 128, 128, 128, 128, 128, 128,
         128, 128, 128, 128],
        [128, 128, 128, 128, 128, 128, 128, 128, 128, 128, 128, 128, 128, 128,
         128, 128, 128, 128, 128, 124, 128, 128, 128, 128, 128, 128, 128, 128,
         128, 128, 128, 128],
        [128, 128, 128, 128, 128, 128, 128, 128, 128, 128, 128, 128, 128, 128,
         128, 127, 128, 128, 128, 124, 128, 128, 128, 128, 128, 128, 128, 128,
         128, 128, 128, 128],
        [128, 128, 128, 128, 128, 128, 128, 128, 128, 128, 128, 128, 128, 128,
         128, 126, 128, 128, 128, 124, 128, 128, 128, 128, 128, 126, 128, 128,
         128, 128, 128, 128],
        [128, 128, 128, 128, 128, 128, 128, 128, 128, 128, 128, 128, 128, 128,
         128, 128, 128, 128, 128, 125, 128, 128, 128, 128, 128, 128, 128, 128,
         128, 128, 128, 128],
        [128, 128, 128, 128, 128, 128, 128, 128, 128, 128, 128, 128, 128, 128,
         128, 126, 128, 128, 128, 123, 128, 128, 128, 128, 128, 126, 128, 128,
         128, 128, 128, 128],
        [128, 128, 128, 128, 128, 128, 128, 128, 128, 128, 128, 128, 128, 128,
         128, 128, 128, 128, 128, 126, 128, 128, 128, 128, 128, 128, 128, 128,
         128, 128, 128, 128],
        [128, 128, 128, 128, 128, 128, 128, 128, 128, 128, 128, 128, 128, 128,
         128, 128, 128, 128, 128, 126, 128, 128, 128, 128, 128, 128, 128, 128,
         128, 128, 128, 128],
        [128, 128, 128, 128, 128, 128, 128, 128, 128, 128, 128, 128, 128, 128,
         128, 128, 128, 128, 128, 125, 128, 128, 128, 128, 128, 128, 128, 128,
         128, 128, 128, 128],
        [128, 128, 128, 128, 128, 128, 128, 128, 128, 128, 128, 128, 128, 128,
         128, 126, 128, 128, 128, 124, 128, 128, 128, 128, 128, 127, 128, 128,
         128, 128, 128, 128],
        [128, 128, 128, 128, 128, 128, 128, 128, 128, 128, 128, 128, 128, 128,
         128, 128, 128, 128, 128, 126, 128, 128, 128, 128, 128, 128, 128, 128,
         128, 128, 128, 128],
        [128, 128, 128, 128, 128, 128, 128, 128, 128, 128, 128, 128, 128, 128,
         128, 125, 128, 128, 128, 124, 128, 128, 128, 128, 128, 126, 128, 128,
         128, 128, 128, 128],
        [128, 128, 128, 128, 128, 128, 128, 128, 128, 128, 128, 128, 128, 128,
         128, 127, 128, 128, 128, 125, 128, 128, 128, 128, 128, 128, 128, 128,
         128, 128, 128, 128],
        [128, 128, 128, 128, 128, 128, 128, 128, 128, 128, 128, 128, 128, 128,
         128, 126, 128, 128, 128, 124, 128, 128, 128, 128, 128, 127, 128, 128,
         128, 128, 128, 128],
        [128, 128, 128, 128, 128, 128, 128, 128, 128, 128, 128, 128, 128, 128,
         128, 128, 128, 128, 128, 125, 128, 128, 128, 128, 128, 128, 128, 128,
         128, 128, 128, 128],
        [128, 128, 128, 128, 128, 128, 128, 128, 128, 128, 128, 128, 128, 128,
         128, 128, 128, 128, 128, 126, 128, 128, 128, 128, 128, 128, 128, 128,
         128, 128, 128, 128]], device='cuda:0')tensor([[128, 128, 128, 128, 128, 128, 128, 128, 128, 128, 128, 128, 128, 128,
         128, 127, 128, 128, 128, 124, 128, 128, 128, 128, 128, 128, 128, 128,
         128, 128, 128, 128],
        [128, 128, 128, 128, 128, 128, 128, 128, 128, 128, 128, 128, 128, 128,
         128, 125, 128, 128, 128, 123, 128, 128, 128, 128, 128, 126, 128, 128,
         128, 128, 128, 128],
        [128, 128, 128, 128, 128, 128, 128, 128, 128, 128, 128, 128, 128, 128,
         128, 126, 128, 128, 128, 124, 128, 128, 128, 128, 128, 127, 128, 128,
         128, 128, 128, 128],
        [128, 128, 128, 128, 128, 128, 128, 128, 128, 128, 128, 128, 128, 128,
         128, 126, 128, 128, 128, 124, 128, 128, 128, 128, 128, 127, 128, 128,
         128, 128, 128, 128],
        [128, 128, 128, 128, 128, 128, 128, 128, 128, 128, 128, 128, 128, 128,
         128, 126, 128, 128, 128, 124, 128, 128, 128, 128, 128, 127, 128, 128,
         128, 128, 128, 128],
        [128, 128, 128, 128, 128, 128, 128, 128, 128, 128, 128, 128, 128, 128,
         128, 124, 128, 128, 128, 122, 128, 128, 128, 128, 128, 125, 128, 128,
         128, 128, 128, 128],
        [128, 128, 128, 128, 128, 128, 128, 128, 128, 128, 128, 128, 128, 128,
         128, 126, 128, 128, 128, 123, 128, 128, 128, 128, 128, 126, 128, 128,
         128, 128, 128, 128],
        [128, 128, 128, 128, 128, 128, 128, 128, 128, 128, 128, 128, 128, 128,
         128, 127, 128, 128, 128, 124, 128, 128, 128, 128, 128, 128, 128, 128,
         128, 128, 128, 128],
        [128, 128, 128, 128, 128, 128, 128, 128, 128, 128, 128, 128, 128, 128,
         128, 126, 128, 128, 128, 124, 128, 128, 128, 128, 128, 128, 128, 128,
         128, 128, 128, 128],
        [128, 128, 128, 128, 128, 128, 128, 128, 128, 128, 128, 128, 128, 128,
         128, 126, 128, 128, 128, 124, 128, 128, 128, 128, 128, 127, 128, 128,
         128, 128, 128, 128],
        [128, 128, 128, 128, 128, 128, 128, 128, 128, 128, 128, 128, 128, 128,
         128, 128, 128, 128, 128, 126, 128, 128, 128, 128, 128, 128, 128, 128,
         128, 128, 128, 128],
        [128, 128, 128, 128, 128, 128, 128, 128, 128, 128, 128, 128, 128, 128,
         128, 127, 128, 128, 128, 125, 128, 128, 128, 128, 128, 128, 128, 128,
         128, 128, 128, 128],
        [128, 128, 128, 128, 128, 128, 128, 128, 128, 128, 128, 128, 128, 128,
         128, 126, 128, 128, 128, 124, 128, 128, 128, 128, 128, 126, 128, 128,
         128, 128, 128, 128],
        [128, 128, 128, 128, 128, 128, 128, 128, 128, 128, 128, 128, 128, 128,
         128, 128, 128, 128, 128, 125, 128, 128, 128, 128, 128, 128, 128, 128,
         128, 128, 128, 128],
        [128, 128, 128, 128, 128, 128, 128, 128, 128, 128, 128, 128, 128, 128,
         128, 128, 128, 128, 128, 125, 128, 128, 128, 128, 128, 128, 128, 128,
         128, 128, 128, 128],
        [128, 128, 128, 128, 128, 128, 128, 127, 128, 128, 128, 128, 128, 128,
         128, 125, 128, 128, 128, 123, 128, 128, 128, 128, 128, 126, 128, 128,
         128, 128, 128, 128]], device='cuda:0')tensor([[128, 128, 128, 128, 128, 128, 128, 128, 128, 128, 128, 128, 128, 128,
         128, 126, 128, 128, 128, 124, 128, 128, 128, 128, 128, 127, 128, 128,
         128, 128, 128, 128],
        [128, 128, 128, 128, 128, 128, 128, 128, 128, 128, 128, 128, 128, 128,
         128, 126, 128, 128, 128, 124, 128, 128, 128, 128, 128, 127, 128, 128,
         128, 128, 128, 128],
        [128, 128, 128, 128, 128, 128, 128, 128, 128, 128, 128, 128, 128, 128,
         128, 125, 128, 128, 128, 123, 128, 128, 128, 128, 128, 127, 128, 128,
         128, 128, 128, 128],
        [128, 128, 128, 128, 128, 128, 128, 128, 128, 128, 128, 128, 128, 128,
         128, 128, 128, 128, 128, 124, 128, 128, 128, 128, 128, 128, 128, 128,
         128, 128, 128, 128],
        [128, 128, 128, 128, 128, 128, 128, 128, 128, 128, 128, 128, 128, 128,
         128, 128, 128, 128, 128, 125, 128, 128, 128, 128, 128, 128, 128, 128,
         128, 128, 128, 128],
        [128, 128, 128, 128, 128, 128, 128, 128, 128, 128, 128, 128, 128, 128,
         128, 124, 128, 128, 128, 123, 128, 128, 128, 128, 128, 126, 128, 128,
         128, 128, 128, 128],
        [128, 128, 128, 128, 128, 128, 128, 128, 128, 128, 128, 128, 128, 128,
         128, 127, 128, 128, 128, 122, 128, 128, 128, 128, 128, 127, 128, 128,
         128, 128, 128, 128],
        [128, 128, 128, 128, 128, 128, 128, 128, 128, 128, 128, 128, 128, 128,
         128, 126, 128, 128, 128, 124, 128, 128, 128, 128, 128, 127, 128, 128,
         128, 128, 128, 128],
        [128, 128, 128, 128, 128, 128, 128, 128, 128, 128, 128, 128, 128, 128,
         128, 124, 128, 128, 128, 123, 128, 128, 128, 128, 128, 126, 128, 128,
         128, 128, 128, 128],
        [128, 128, 128, 128, 128, 128, 128, 128, 128, 128, 128, 128, 128, 128,
         128, 126, 128, 128, 128, 124, 128, 128, 128, 128, 128, 128, 128, 128,
         128, 128, 128, 128],
        [128, 128, 128, 128, 128, 128, 128, 128, 128, 128, 128, 128, 128, 128,
         128, 126, 128, 128, 128, 124, 128, 128, 128, 128, 128, 127, 128, 128,
         128, 128, 128, 128],
        [128, 128, 128, 128, 128, 128, 128, 128, 128, 128, 128, 128, 128, 128,
         128, 127, 128, 128, 128, 124, 128, 128, 128, 128, 128, 128, 128, 128,
         128, 128, 128, 128],
        [128, 128, 128, 128, 128, 128, 128, 128, 128, 128, 128, 128, 128, 128,
         128, 128, 128, 128, 128, 123, 128, 128, 128, 128, 128, 128, 128, 128,
         128, 128, 128, 128],
        [128, 128, 128, 128, 128, 128, 128, 128, 128, 128, 128, 128, 128, 128,
         128, 127, 128, 128, 128, 124, 128, 128, 128, 128, 128, 127, 128, 128,
         128, 128, 128, 128],
        [128, 128, 128, 128, 128, 128, 128, 127, 128, 128, 128, 128, 128, 128,
         128, 124, 128, 128, 128, 123, 128, 128, 128, 128, 128, 125, 128, 128,
         128, 128, 128, 128],
        [128, 128, 128, 128, 128, 128, 128, 128, 128, 128, 128, 128, 128, 128,
         128, 126, 128, 128, 128, 124, 128, 128, 128, 128, 128, 127, 128, 128,
         128, 128, 128, 128]], device='cuda:1')tensor([[128, 128, 128, 128, 128, 128, 128, 128, 128, 128, 128, 128, 128, 128,
         128, 127, 128, 128, 128, 124, 128, 128, 128, 128, 128, 127, 128, 128,
         128, 128, 128, 128],
        [128, 128, 128, 128, 128, 128, 128, 128, 128, 128, 128, 128, 128, 128,
         128, 127, 128, 128, 128, 124, 128, 128, 128, 128, 128, 127, 128, 128,
         128, 128, 128, 128],
        [128, 128, 128, 128, 128, 128, 128, 128, 128, 128, 128, 128, 128, 128,
         128, 128, 128, 128, 128, 124, 128, 128, 128, 128, 128, 128, 128, 128,
         128, 128, 128, 128],
        [128, 128, 128, 128, 128, 128, 128, 128, 128, 128, 128, 128, 128, 128,
         128, 127, 128, 128, 128, 124, 128, 128, 128, 128, 128, 128, 128, 128,
         128, 128, 128, 128],
        [128, 128, 128, 128, 128, 128, 128, 128, 128, 128, 128, 128, 128, 128,
         128, 127, 128, 128, 128, 124, 128, 128, 128, 128, 128, 128, 128, 128,
         128, 128, 128, 128],
        [128, 128, 128, 128, 128, 128, 128, 128, 128, 128, 128, 128, 128, 128,
         128, 128, 128, 128, 128, 125, 128, 128, 128, 128, 128, 128, 128, 128,
         128, 128, 128, 128],
        [128, 128, 128, 128, 128, 128, 128, 128, 128, 128, 128, 128, 128, 128,
         128, 128, 128, 128, 128, 124, 128, 128, 128, 128, 128, 128, 128, 128,
         128, 128, 128, 128],
        [128, 128, 128, 128, 128, 128, 128, 128, 128, 128, 128, 128, 128, 128,
         128, 126, 128, 128, 128, 124, 128, 128, 128, 128, 128, 127, 128, 128,
         128, 128, 128, 128],
        [128, 128, 128, 128, 128, 128, 128, 127, 128, 128, 128, 128, 128, 128,
         128, 125, 128, 128, 128, 123, 128, 128, 128, 128, 128, 125, 128, 128,
         128, 128, 128, 128],
        [128, 128, 128, 128, 128, 128, 128, 128, 128, 128, 128, 128, 128, 128,
         128, 128, 128, 128, 128, 124, 128, 128, 128, 128, 128, 128, 128, 128,
         128, 128, 128, 128],
        [128, 128, 128, 128, 128, 128, 128, 128, 128, 128, 128, 128, 128, 128,
         128, 128, 128, 128, 128, 126, 128, 128, 128, 128, 128, 128, 128, 128,
         128, 128, 128, 128],
        [128, 128, 128, 128, 128, 128, 128, 128, 128, 128, 128, 128, 128, 128,
         128, 128, 128, 128, 128, 124, 128, 128, 128, 128, 128, 128, 128, 128,
         128, 128, 128, 128],
        [128, 128, 128, 128, 128, 128, 128, 128, 128, 128, 128, 128, 128, 128,
         128, 127, 128, 128, 128, 124, 128, 128, 128, 128, 128, 128, 128, 128,
         128, 128, 128, 128],
        [128, 128, 128, 128, 128, 128, 128, 128, 128, 128, 128, 128, 128, 128,
         128, 127, 128, 128, 128, 124, 128, 128, 128, 128, 128, 128, 128, 128,
         128, 128, 128, 128],
        [128, 128, 128, 128, 128, 128, 128, 128, 128, 128, 128, 128, 128, 128,
         128, 128, 128, 128, 128, 125, 128, 128, 128, 128, 128, 128, 128, 128,
         128, 128, 128, 128],
        [128, 128, 128, 128, 128, 128, 128, 128, 128, 128, 128, 128, 128, 128,
         128, 128, 128, 128, 128, 124, 128, 128, 128, 128, 128, 128, 128, 128,
         128, 128, 128, 128]], device='cuda:2')tensor([[128, 128, 128, 128, 128, 128, 128, 128, 128, 128, 128, 128, 128, 128,
         128, 127, 128, 128, 128, 124, 128, 128, 128, 128, 128, 127, 128, 128,
         128, 128, 128, 128],
        [128, 128, 128, 128, 128, 128, 128, 128, 128, 128, 128, 128, 128, 128,
         128, 126, 128, 128, 128, 124, 128, 128, 128, 128, 128, 128, 128, 128,
         128, 128, 128, 128],
        [128, 128, 128, 128, 128, 128, 128, 128, 128, 128, 128, 128, 128, 128,
         128, 126, 128, 128, 128, 124, 128, 128, 128, 128, 128, 127, 128, 128,
         128, 128, 128, 128],
        [128, 128, 128, 128, 128, 128, 128, 127, 128, 128, 128, 128, 128, 128,
         128, 124, 128, 128, 128, 122, 128, 128, 128, 128, 128, 126, 128, 128,
         128, 128, 128, 128],
        [128, 128, 128, 128, 128, 128, 128, 128, 128, 128, 128, 128, 128, 128,
         128, 124, 128, 128, 128, 123, 128, 128, 128, 128, 128, 126, 128, 128,
         128, 128, 128, 128],
        [128, 128, 128, 128, 128, 128, 128, 128, 128, 128, 128, 128, 128, 128,
         128, 126, 128, 128, 128, 123, 128, 128, 128, 128, 128, 126, 128, 128,
         128, 128, 128, 128],
        [128, 128, 128, 128, 128, 128, 128, 127, 128, 128, 128, 128, 128, 128,
         128, 124, 128, 128, 128, 123, 128, 128, 128, 128, 128, 125, 128, 128,
         128, 128, 128, 128],
        [128, 128, 128, 128, 128, 128, 128, 128, 128, 128, 128, 128, 128, 128,
         128, 124, 128, 128, 128, 123, 128, 128, 128, 128, 128, 126, 128, 128,
         128, 128, 128, 128],
        [128, 128, 128, 128, 128, 128, 128, 127, 128, 128, 128, 128, 128, 128,
         128, 125, 128, 128, 128, 123, 128, 128, 128, 128, 128, 126, 128, 128,
         128, 128, 128, 128],
        [128, 128, 128, 128, 128, 128, 128, 128, 128, 128, 128, 128, 128, 128,
         128, 125, 128, 128, 128, 123, 128, 128, 128, 128, 128, 126, 128, 128,
         128, 128, 128, 128],
        [128, 128, 128, 128, 128, 128, 128, 128, 128, 128, 128, 128, 128, 128,
         128, 125, 128, 128, 128, 124, 128, 128, 128, 128, 128, 126, 128, 128,
         128, 128, 128, 128],
        [128, 128, 128, 127, 128, 128, 128, 128, 128, 128, 128, 128, 128, 128,
         128, 126, 128, 128, 128, 121, 128, 128, 128, 128, 128, 125, 128, 128,
         128, 128, 126, 128],
        [128, 128, 128, 128, 128, 128, 128, 128, 128, 128, 128, 128, 128, 128,
         128, 126, 128, 128, 128, 124, 128, 128, 128, 128, 128, 128, 128, 128,
         128, 128, 128, 128],
        [128, 128, 128, 128, 128, 128, 128, 128, 128, 128, 128, 128, 128, 128,
         128, 128, 128, 128, 128, 126, 128, 128, 128, 128, 128, 128, 128, 128,
         128, 128, 128, 128],
        [128, 128, 128, 128, 128, 128, 128, 128, 128, 128, 128, 128, 128, 128,
         128, 127, 128, 128, 128, 124, 128, 128, 128, 128, 128, 127, 128, 128,
         128, 128, 128, 128],
        [128, 128, 128, 128, 128, 128, 128, 128, 128, 128, 128, 128, 128, 128,
         128, 124, 128, 128, 128, 123, 128, 128, 128, 128, 128, 125, 128, 128,
         128, 128, 128, 128]], device='cuda:3')tensor([[128, 128, 128, 128, 128, 128, 128, 128, 128, 128, 128, 128, 128, 128,
         128, 126, 128, 128, 128, 124, 128, 128, 128, 128, 128, 127, 128, 128,
         128, 128, 128, 128],
        [128, 128, 128, 128, 128, 128, 128, 128, 128, 128, 128, 128, 128, 128,
         128, 125, 128, 128, 128, 124, 128, 128, 128, 128, 128, 126, 128, 128,
         128, 128, 128, 128],
        [128, 128, 128, 128, 128, 128, 128, 128, 128, 128, 128, 128, 128, 128,
         128, 128, 128, 128, 128, 126, 128, 128, 128, 128, 128, 128, 128, 128,
         128, 128, 128, 128],
        [128, 128, 128, 128, 128, 128, 128, 128, 128, 128, 128, 128, 128, 128,
         128, 125, 128, 128, 128, 123, 128, 128, 128, 128, 128, 125, 128, 128,
         128, 128, 128, 128],
        [128, 128, 128, 128, 128, 128, 128, 128, 128, 128, 128, 128, 128, 128,
         128, 125, 128, 128, 128, 123, 128, 128, 128, 128, 128, 125, 128, 128,
         128, 128, 128, 128],
        [128, 128, 128, 128, 128, 128, 128, 128, 128, 128, 128, 128, 128, 128,
         128, 125, 128, 128, 128, 123, 128, 128, 128, 128, 128, 127, 128, 128,
         128, 128, 128, 128],
        [128, 128, 128, 128, 128, 128, 128, 127, 128, 128, 128, 128, 128, 128,
         128, 124, 128, 128, 128, 122, 128, 128, 128, 128, 128, 125, 128, 128,
         128, 128, 128, 128],
        [128, 128, 128, 128, 128, 128, 128, 128, 128, 128, 128, 128, 128, 128,
         128, 127, 128, 128, 128, 124, 128, 128, 128, 128, 128, 127, 128, 128,
         128, 128, 128, 128],
        [128, 128, 128, 128, 128, 128, 128, 128, 128, 128, 128, 128, 128, 128,
         128, 127, 128, 128, 128, 124, 128, 128, 128, 128, 128, 128, 128, 128,
         128, 128, 128, 128],
        [128, 128, 128, 128, 128, 128, 128, 128, 128, 128, 128, 128, 128, 128,
         128, 127, 128, 128, 128, 124, 128, 128, 128, 128, 128, 128, 128, 128,
         128, 128, 128, 128],
        [128, 128, 128, 128, 128, 128, 128, 128, 128, 128, 128, 128, 128, 128,
         128, 128, 128, 128, 128, 125, 128, 128, 128, 128, 128, 128, 128, 128,
         128, 128, 128, 128],
        [128, 128, 128, 128, 128, 128, 128, 128, 128, 128, 128, 128, 128, 128,
         128, 125, 128, 128, 128, 124, 128, 128, 128, 128, 128, 125, 128, 128,
         128, 128, 128, 128],
        [128, 128, 128, 128, 128, 128, 128, 128, 128, 128, 128, 128, 128, 128,
         128, 126, 128, 128, 128, 124, 128, 128, 128, 128, 128, 127, 128, 128,
         128, 128, 128, 128],
        [128, 128, 128, 128, 128, 128, 128, 128, 128, 128, 128, 128, 128, 128,
         128, 128, 128, 128, 128, 124, 128, 128, 128, 128, 128, 128, 128, 128,
         128, 128, 128, 128],
        [128, 128, 128, 128, 128, 128, 128, 128, 128, 128, 128, 128, 128, 128,
         128, 128, 128, 128, 128, 124, 128, 128, 128, 128, 128, 128, 128, 128,
         128, 128, 128, 128],
        [128, 128, 128, 128, 128, 128, 128, 128, 128, 128, 128, 128, 128, 128,
         128, 126, 128, 128, 128, 122, 128, 128, 128, 128, 128, 126, 128, 128,
         128, 128, 128, 128]], device='cuda:0')tensor([[128, 128, 128, 128, 128, 128, 128, 127, 128, 128, 128, 128, 128, 128,
         128, 124, 128, 128, 128, 122, 128, 128, 128, 128, 128, 124, 128, 128,
         128, 128, 128, 128],
        [128, 128, 128, 128, 128, 128, 128, 128, 128, 128, 128, 128, 128, 128,
         128, 128, 128, 128, 128, 125, 128, 128, 128, 128, 128, 128, 128, 128,
         128, 128, 128, 128],
        [128, 128, 128, 128, 128, 128, 128, 127, 128, 128, 128, 128, 128, 128,
         128, 126, 128, 128, 128, 123, 128, 128, 128, 128, 128, 126, 128, 128,
         128, 128, 128, 128],
        [128, 128, 128, 128, 128, 128, 128, 128, 128, 128, 128, 128, 128, 128,
         128, 125, 128, 128, 128, 122, 128, 128, 128, 128, 128, 126, 128, 128,
         128, 128, 128, 128],
        [128, 128, 128, 128, 128, 128, 128, 127, 128, 128, 128, 128, 128, 128,
         128, 125, 128, 128, 128, 122, 128, 128, 128, 128, 128, 126, 128, 128,
         128, 128, 128, 128],
        [128, 128, 128, 128, 128, 128, 128, 128, 128, 128, 128, 128, 128, 128,
         128, 127, 128, 128, 128, 124, 128, 128, 128, 128, 128, 128, 128, 128,
         128, 128, 128, 128],
        [128, 128, 128, 127, 128, 128, 128, 127, 128, 128, 128, 128, 128, 128,
         128, 124, 128, 128, 128, 122, 128, 128, 128, 128, 128, 124, 128, 128,
         128, 128, 128, 128],
        [128, 128, 128, 128, 128, 128, 128, 128, 128, 128, 128, 128, 128, 128,
         128, 127, 128, 128, 128, 124, 128, 128, 128, 128, 128, 128, 128, 128,
         128, 128, 128, 128],
        [128, 128, 128, 128, 128, 128, 128, 128, 128, 128, 128, 128, 128, 128,
         128, 127, 128, 128, 128, 124, 128, 128, 128, 128, 128, 128, 128, 128,
         128, 128, 128, 128],
        [128, 128, 128, 128, 128, 128, 128, 128, 128, 128, 128, 128, 128, 128,
         128, 125, 128, 128, 128, 123, 128, 128, 128, 128, 128, 127, 128, 128,
         128, 128, 128, 128],
        [128, 128, 128, 128, 128, 128, 128, 128, 128, 128, 128, 128, 128, 128,
         128, 125, 128, 128, 128, 122, 128, 128, 128, 128, 128, 125, 128, 128,
         128, 128, 128, 128],
        [128, 128, 128, 128, 128, 128, 128, 128, 128, 128, 128, 128, 128, 128,
         128, 126, 128, 128, 128, 123, 128, 128, 128, 128, 128, 126, 128, 128,
         128, 128, 128, 128],
        [128, 128, 128, 128, 128, 128, 128, 127, 128, 128, 128, 128, 128, 128,
         128, 124, 128, 128, 128, 123, 128, 128, 128, 128, 128, 126, 128, 128,
         128, 128, 128, 128],
        [128, 128, 128, 128, 128, 128, 128, 126, 128, 128, 128, 128, 128, 128,
         128, 123, 128, 128, 128, 122, 128, 128, 128, 128, 128, 124, 128, 128,
         128, 128, 128, 128],
        [128, 128, 128, 128, 128, 128, 128, 127, 128, 128, 128, 128, 128, 128,
         128, 124, 128, 128, 128, 123, 128, 128, 128, 128, 128, 126, 128, 128,
         128, 128, 128, 128],
        [128, 128, 128, 128, 128, 128, 128, 127, 128, 128, 128, 128, 128, 128,
         128, 124, 128, 128, 128, 122, 128, 128, 128, 128, 128, 126, 128, 128,
         128, 128, 128, 128]], device='cuda:3')tensor([[128, 128, 128, 128, 128, 128, 128, 128, 128, 128, 128, 128, 128, 128,
         128, 127, 128, 128, 128, 124, 128, 128, 128, 128, 128, 128, 128, 128,
         128, 128, 128, 128],
        [128, 128, 128, 128, 128, 128, 128, 128, 128, 128, 128, 128, 128, 128,
         128, 127, 128, 128, 128, 124, 128, 128, 128, 128, 128, 127, 128, 128,
         128, 128, 128, 128],
        [128, 128, 128, 128, 128, 128, 128, 128, 128, 128, 128, 128, 128, 128,
         128, 126, 128, 128, 128, 124, 128, 128, 128, 128, 128, 126, 128, 128,
         128, 128, 128, 128],
        [128, 128, 128, 128, 128, 128, 128, 128, 128, 128, 128, 128, 128, 128,
         128, 127, 128, 128, 128, 125, 128, 128, 128, 128, 128, 128, 128, 128,
         128, 128, 128, 128],
        [128, 128, 128, 128, 128, 128, 128, 127, 128, 128, 128, 128, 128, 128,
         128, 126, 128, 128, 128, 123, 128, 128, 128, 128, 128, 126, 128, 128,
         128, 128, 128, 128],
        [128, 128, 128, 128, 128, 128, 128, 128, 128, 128, 128, 128, 128, 128,
         128, 126, 128, 128, 128, 124, 128, 128, 128, 128, 128, 127, 128, 128,
         128, 128, 128, 128],
        [128, 128, 128, 128, 128, 128, 128, 128, 128, 128, 128, 128, 128, 128,
         128, 128, 128, 128, 128, 125, 128, 128, 128, 128, 128, 128, 128, 128,
         128, 128, 128, 128],
        [128, 128, 128, 128, 128, 128, 128, 128, 128, 128, 128, 128, 128, 128,
         128, 126, 128, 128, 128, 124, 128, 128, 128, 128, 128, 128, 128, 128,
         128, 128, 128, 128],
        [128, 128, 128, 128, 128, 128, 128, 128, 128, 128, 128, 128, 128, 128,
         128, 125, 128, 128, 128, 124, 128, 128, 128, 128, 128, 127, 128, 128,
         128, 128, 128, 128],
        [128, 128, 128, 128, 128, 128, 128, 128, 128, 128, 128, 128, 128, 128,
         128, 128, 128, 128, 128, 125, 128, 128, 128, 128, 128, 128, 128, 128,
         128, 128, 128, 128],
        [128, 128, 128, 128, 128, 128, 128, 128, 128, 128, 128, 128, 128, 128,
         128, 128, 128, 128, 128, 127, 128, 128, 128, 128, 128, 128, 128, 128,
         128, 128, 128, 128],
        [128, 128, 128, 128, 128, 128, 128, 128, 128, 128, 128, 128, 128, 128,
         128, 128, 128, 128, 128, 125, 128, 128, 128, 128, 128, 128, 128, 128,
         128, 128, 128, 128],
        [128, 128, 128, 128, 128, 128, 128, 128, 128, 128, 128, 128, 128, 128,
         128, 125, 128, 128, 128, 124, 128, 128, 128, 128, 128, 126, 128, 128,
         128, 128, 128, 128],
        [128, 128, 128, 128, 128, 128, 128, 128, 128, 128, 128, 128, 128, 128,
         128, 128, 128, 128, 128, 126, 128, 128, 128, 128, 128, 128, 128, 128,
         128, 128, 128, 128],
        [128, 128, 128, 128, 128, 128, 128, 128, 128, 128, 128, 128, 128, 128,
         128, 127, 128, 128, 128, 124, 128, 128, 128, 128, 128, 128, 128, 128,
         128, 128, 128, 128],
        [128, 128, 128, 128, 128, 128, 128, 128, 128, 128, 128, 128, 128, 128,
         128, 126, 128, 128, 128, 124, 128, 128, 128, 128, 128, 126, 128, 128,
         128, 128, 128, 128]], device='cuda:2')tensor([[128, 128, 128, 128, 128, 128, 128, 128, 128, 128, 128, 128, 128, 128,
         128, 126, 128, 128, 128, 124, 128, 128, 128, 128, 128, 126, 128, 128,
         128, 128, 128, 128],
        [128, 128, 128, 128, 128, 128, 128, 128, 128, 128, 128, 128, 128, 128,
         128, 125, 128, 128, 128, 124, 128, 128, 128, 128, 128, 126, 128, 128,
         128, 128, 128, 128],
        [128, 128, 128, 128, 128, 128, 128, 126, 128, 128, 128, 128, 128, 128,
         128, 123, 128, 128, 128, 123, 128, 128, 128, 128, 128, 125, 128, 128,
         128, 128, 128, 128],
        [128, 128, 128, 128, 128, 128, 128, 128, 128, 128, 128, 128, 128, 128,
         128, 127, 128, 128, 128, 124, 128, 128, 128, 128, 128, 128, 128, 128,
         128, 128, 128, 128],
        [128, 128, 128, 128, 128, 128, 128, 128, 128, 128, 128, 128, 128, 128,
         128, 125, 128, 128, 128, 124, 128, 128, 128, 128, 128, 127, 128, 128,
         128, 128, 128, 128],
        [128, 128, 128, 128, 128, 128, 128, 128, 128, 128, 128, 128, 128, 128,
         128, 128, 128, 128, 128, 125, 128, 128, 128, 128, 128, 128, 128, 128,
         128, 128, 128, 128],
        [128, 128, 128, 128, 128, 128, 128, 128, 128, 128, 128, 128, 128, 128,
         128, 126, 128, 128, 128, 123, 128, 128, 128, 128, 128, 127, 128, 128,
         128, 128, 128, 128],
        [128, 128, 128, 128, 128, 128, 128, 128, 128, 128, 128, 128, 128, 128,
         128, 123, 128, 128, 128, 122, 128, 128, 128, 128, 128, 125, 128, 128,
         128, 128, 128, 128],
        [128, 128, 128, 128, 128, 128, 128, 127, 128, 128, 128, 128, 128, 128,
         128, 124, 128, 128, 128, 122, 128, 128, 128, 128, 128, 125, 128, 128,
         128, 128, 128, 128],
        [128, 128, 128, 127, 128, 128, 128, 127, 128, 128, 128, 128, 128, 128,
         128, 124, 128, 128, 128, 122, 128, 128, 128, 128, 128, 124, 128, 128,
         128, 128, 128, 128],
        [128, 128, 128, 127, 128, 128, 128, 126, 128, 128, 128, 128, 128, 128,
         128, 123, 128, 128, 128, 122, 128, 128, 128, 128, 128, 123, 128, 128,
         128, 128, 128, 128],
        [128, 128, 128, 128, 128, 128, 128, 127, 128, 128, 128, 128, 128, 128,
         128, 124, 128, 128, 128, 123, 128, 128, 128, 128, 128, 125, 128, 128,
         128, 128, 128, 128],
        [128, 128, 128, 128, 128, 128, 128, 127, 128, 128, 128, 128, 128, 128,
         128, 123, 128, 128, 128, 123, 128, 128, 128, 128, 128, 124, 128, 128,
         128, 128, 128, 128],
        [128, 128, 128, 128, 128, 128, 128, 127, 128, 128, 128, 128, 128, 128,
         128, 124, 128, 128, 128, 122, 128, 128, 128, 128, 128, 125, 128, 128,
         128, 128, 128, 128],
        [128, 128, 128, 128, 128, 128, 128, 128, 128, 128, 128, 128, 128, 128,
         128, 127, 128, 128, 128, 124, 128, 128, 128, 128, 128, 127, 128, 128,
         128, 128, 128, 128],
        [128, 128, 128, 128, 128, 128, 128, 128, 128, 128, 128, 128, 128, 128,
         128, 126, 128, 128, 128, 124, 128, 128, 128, 128, 128, 127, 128, 128,
         128, 128, 128, 128]], device='cuda:1')tensor([[128, 128, 128, 128, 128, 128, 128, 128, 128, 128, 128, 128, 128, 128,
         128, 127, 128, 128, 128, 125, 128, 128, 128, 128, 128, 128, 128, 128,
         128, 128, 128, 128],
        [128, 128, 128, 128, 128, 128, 128, 128, 128, 128, 128, 128, 128, 128,
         128, 127, 128, 128, 128, 124, 128, 128, 128, 128, 128, 127, 128, 128,
         128, 128, 128, 128],
        [128, 128, 128, 128, 128, 128, 128, 128, 128, 128, 128, 128, 128, 128,
         128, 128, 128, 128, 128, 125, 128, 128, 128, 128, 128, 128, 128, 128,
         128, 128, 128, 128],
        [128, 128, 128, 128, 128, 128, 128, 128, 128, 128, 128, 128, 128, 128,
         128, 125, 128, 128, 128, 124, 128, 128, 128, 128, 128, 126, 128, 128,
         128, 128, 128, 128],
        [128, 128, 128, 128, 128, 128, 128, 128, 128, 128, 128, 128, 128, 128,
         128, 126, 128, 128, 128, 124, 128, 128, 128, 128, 128, 127, 128, 128,
         128, 128, 128, 128],
        [128, 128, 128, 128, 128, 128, 128, 128, 128, 128, 128, 128, 128, 128,
         128, 128, 128, 128, 128, 125, 128, 128, 128, 128, 128, 128, 128, 128,
         128, 128, 128, 128],
        [128, 128, 128, 128, 128, 128, 128, 128, 128, 128, 128, 128, 128, 128,
         128, 128, 128, 128, 128, 125, 128, 128, 128, 128, 128, 128, 128, 128,
         128, 128, 128, 128],
        [128, 128, 128, 128, 128, 128, 128, 128, 128, 128, 128, 128, 128, 128,
         128, 127, 128, 128, 128, 124, 128, 128, 128, 128, 128, 127, 128, 128,
         128, 128, 128, 128],
        [128, 128, 128, 127, 128, 128, 128, 127, 128, 128, 128, 128, 128, 128,
         128, 123, 128, 128, 128, 122, 128, 128, 128, 128, 128, 125, 128, 128,
         128, 128, 128, 128],
        [128, 128, 128, 128, 128, 128, 128, 128, 128, 128, 128, 128, 128, 128,
         128, 128, 128, 128, 128, 124, 128, 128, 128, 128, 128, 128, 128, 128,
         128, 128, 128, 128],
        [128, 128, 128, 128, 128, 128, 128, 128, 128, 128, 128, 128, 128, 128,
         128, 124, 128, 128, 128, 122, 128, 128, 128, 128, 128, 125, 128, 128,
         128, 128, 128, 128],
        [128, 128, 128, 128, 128, 128, 128, 128, 128, 128, 128, 128, 128, 128,
         128, 126, 128, 128, 128, 124, 128, 128, 128, 128, 128, 127, 128, 128,
         128, 128, 128, 128],
        [128, 128, 128, 128, 128, 128, 128, 128, 128, 128, 128, 128, 128, 128,
         128, 125, 128, 128, 128, 122, 128, 128, 128, 128, 128, 127, 128, 128,
         128, 128, 128, 128],
        [128, 128, 128, 128, 128, 128, 128, 128, 128, 128, 128, 128, 128, 128,
         128, 125, 128, 128, 128, 123, 128, 128, 128, 128, 128, 126, 128, 128,
         128, 128, 128, 128],
        [128, 128, 128, 128, 128, 128, 128, 127, 128, 128, 128, 128, 128, 128,
         128, 123, 128, 128, 128, 123, 128, 128, 128, 128, 128, 125, 128, 128,
         128, 128, 128, 128],
        [128, 128, 128, 128, 128, 128, 128, 128, 128, 128, 128, 128, 128, 128,
         128, 126, 128, 128, 128, 123, 128, 128, 128, 128, 128, 126, 128, 128,
         128, 128, 128, 128]], device='cuda:3')tensor([[128, 128, 128, 128, 128, 128, 128, 128, 128, 128, 128, 128, 128, 128,
         128, 126, 128, 128, 128, 124, 128, 128, 128, 128, 128, 126, 128, 128,
         128, 128, 128, 128],
        [128, 128, 128, 128, 128, 128, 128, 128, 128, 128, 128, 128, 128, 128,
         128, 126, 128, 128, 128, 124, 128, 128, 128, 128, 128, 127, 128, 128,
         128, 128, 128, 128],
        [128, 128, 128, 128, 128, 128, 128, 128, 128, 128, 128, 128, 128, 128,
         128, 126, 128, 128, 128, 124, 128, 128, 128, 128, 128, 126, 128, 128,
         128, 128, 128, 128],
        [128, 128, 128, 128, 128, 128, 128, 128, 128, 128, 128, 128, 128, 128,
         128, 127, 128, 128, 128, 124, 128, 128, 128, 128, 128, 127, 128, 128,
         128, 128, 128, 128],
        [128, 128, 128, 128, 128, 128, 128, 127, 128, 128, 128, 128, 128, 128,
         128, 125, 128, 128, 128, 123, 128, 128, 128, 128, 128, 126, 128, 128,
         128, 128, 128, 128],
        [128, 128, 128, 128, 128, 128, 128, 128, 128, 128, 128, 128, 128, 128,
         128, 127, 128, 128, 128, 123, 128, 128, 128, 128, 128, 126, 128, 128,
         128, 128, 128, 128],
        [128, 128, 128, 128, 128, 128, 128, 128, 128, 128, 128, 128, 128, 128,
         128, 127, 128, 128, 128, 124, 128, 128, 128, 128, 128, 127, 128, 128,
         128, 128, 128, 128],
        [128, 128, 128, 128, 128, 128, 128, 128, 128, 128, 128, 128, 128, 128,
         128, 124, 128, 128, 128, 123, 128, 128, 128, 128, 128, 126, 128, 128,
         128, 128, 128, 128],
        [128, 128, 128, 128, 128, 128, 128, 128, 128, 128, 128, 128, 128, 128,
         128, 128, 128, 128, 128, 124, 128, 128, 128, 128, 128, 127, 128, 128,
         128, 128, 128, 128],
        [128, 128, 128, 128, 128, 128, 128, 128, 128, 128, 128, 128, 128, 128,
         128, 127, 128, 128, 128, 124, 128, 128, 128, 128, 128, 127, 128, 128,
         128, 128, 128, 128],
        [128, 128, 128, 128, 128, 128, 128, 128, 128, 128, 128, 128, 128, 128,
         128, 125, 128, 128, 128, 124, 128, 128, 128, 128, 128, 126, 128, 128,
         128, 128, 128, 128],
        [128, 128, 128, 128, 128, 128, 128, 128, 128, 128, 128, 128, 128, 128,
         128, 128, 128, 128, 128, 124, 128, 128, 128, 128, 128, 128, 128, 128,
         128, 128, 128, 128],
        [128, 128, 128, 128, 128, 128, 128, 128, 128, 128, 128, 128, 128, 128,
         128, 128, 128, 128, 128, 127, 128, 128, 128, 128, 128, 128, 128, 128,
         128, 128, 128, 128],
        [128, 128, 128, 128, 128, 128, 128, 128, 128, 128, 128, 128, 128, 128,
         128, 127, 128, 128, 128, 124, 128, 128, 128, 128, 128, 127, 128, 128,
         128, 128, 128, 128],
        [128, 128, 128, 128, 128, 128, 128, 127, 128, 128, 128, 128, 128, 128,
         128, 125, 128, 128, 128, 122, 128, 128, 128, 128, 128, 125, 128, 128,
         128, 128, 128, 128],
        [128, 128, 128, 128, 128, 128, 128, 128, 128, 128, 128, 128, 128, 128,
         128, 127, 128, 128, 128, 124, 128, 128, 128, 128, 128, 128, 128, 128,
         128, 128, 128, 128]], device='cuda:0')tensor([[128, 128, 128, 128, 128, 128, 128, 128, 128, 128, 128, 128, 128, 128,
         128, 128, 128, 128, 128, 125, 128, 128, 128, 128, 128, 128, 128, 128,
         128, 128, 128, 128],
        [128, 128, 128, 128, 128, 128, 128, 128, 128, 128, 128, 128, 128, 128,
         128, 128, 128, 128, 128, 127, 128, 128, 128, 128, 128, 128, 128, 128,
         128, 128, 128, 128],
        [128, 128, 128, 128, 128, 128, 128, 128, 128, 128, 128, 128, 128, 128,
         128, 127, 128, 128, 128, 124, 128, 128, 128, 128, 128, 128, 128, 128,
         128, 128, 128, 128],
        [128, 128, 128, 128, 128, 128, 128, 128, 128, 128, 128, 128, 128, 128,
         128, 128, 128, 128, 128, 125, 128, 128, 128, 128, 128, 128, 128, 128,
         128, 128, 128, 128],
        [128, 128, 128, 128, 128, 128, 128, 128, 128, 128, 128, 128, 128, 128,
         128, 126, 128, 128, 128, 124, 128, 128, 128, 128, 128, 127, 128, 128,
         128, 128, 128, 128],
        [128, 128, 128, 128, 128, 128, 128, 128, 128, 128, 128, 128, 128, 128,
         128, 128, 128, 128, 128, 126, 128, 128, 128, 128, 128, 128, 128, 128,
         128, 128, 128, 128],
        [128, 128, 128, 128, 128, 128, 128, 128, 128, 128, 128, 128, 128, 128,
         128, 127, 128, 128, 128, 124, 128, 128, 128, 128, 128, 128, 128, 128,
         128, 128, 128, 128],
        [128, 128, 128, 128, 128, 128, 128, 128, 128, 128, 128, 128, 128, 128,
         128, 127, 128, 128, 128, 123, 128, 128, 128, 128, 128, 126, 128, 128,
         128, 128, 128, 128],
        [128, 128, 128, 128, 128, 128, 128, 128, 128, 128, 128, 128, 128, 128,
         128, 128, 128, 128, 128, 127, 128, 128, 128, 128, 128, 128, 128, 128,
         128, 128, 128, 128],
        [128, 128, 128, 128, 128, 128, 128, 128, 128, 128, 128, 128, 128, 128,
         128, 128, 128, 128, 128, 125, 128, 128, 128, 128, 128, 128, 128, 128,
         128, 128, 128, 128],
        [128, 128, 128, 128, 128, 128, 128, 128, 128, 128, 128, 128, 128, 128,
         128, 128, 128, 128, 128, 126, 128, 128, 128, 128, 128, 128, 128, 128,
         128, 128, 128, 128],
        [128, 128, 128, 128, 128, 128, 128, 128, 128, 128, 128, 128, 128, 128,
         128, 126, 128, 128, 128, 124, 128, 128, 128, 128, 128, 127, 128, 128,
         128, 128, 128, 128],
        [128, 128, 128, 128, 128, 128, 128, 128, 128, 128, 128, 128, 128, 128,
         128, 128, 128, 128, 128, 127, 128, 128, 128, 128, 128, 128, 128, 128,
         128, 128, 128, 128],
        [128, 128, 128, 128, 128, 128, 128, 127, 128, 128, 128, 128, 128, 128,
         128, 125, 128, 128, 128, 123, 128, 128, 128, 128, 128, 125, 128, 128,
         128, 128, 128, 128],
        [128, 128, 128, 128, 128, 128, 128, 128, 128, 128, 128, 128, 128, 128,
         128, 128, 128, 128, 128, 125, 128, 128, 128, 128, 128, 128, 128, 128,
         128, 128, 128, 128],
        [128, 128, 128, 128, 128, 128, 128, 128, 128, 128, 128, 128, 128, 128,
         128, 128, 128, 128, 128, 125, 128, 128, 128, 128, 128, 128, 128, 128,
         128, 128, 128, 128]], device='cuda:1')tensor([[128, 128, 128, 128, 128, 128, 128, 128, 128, 128, 128, 128, 128, 128,
         128, 127, 128, 128, 128, 125, 128, 128, 128, 128, 128, 128, 128, 128,
         128, 128, 128, 128],
        [128, 128, 128, 128, 128, 128, 128, 128, 128, 128, 128, 128, 128, 128,
         128, 128, 128, 128, 128, 126, 128, 128, 128, 128, 128, 128, 128, 128,
         128, 128, 128, 128],
        [128, 128, 128, 128, 128, 128, 128, 127, 128, 128, 128, 128, 128, 128,
         128, 125, 128, 128, 128, 124, 128, 128, 128, 128, 128, 126, 128, 128,
         128, 128, 128, 128],
        [128, 128, 128, 128, 128, 128, 128, 128, 128, 128, 128, 128, 128, 128,
         128, 128, 128, 128, 128, 127, 128, 128, 128, 128, 128, 128, 128, 128,
         128, 128, 128, 128],
        [128, 128, 128, 126, 128, 128, 128, 123, 128, 128, 128, 128, 128, 128,
         128, 122, 128, 128, 128, 122, 128, 128, 128, 128, 125, 122, 128, 128,
         128, 128, 128, 128],
        [128, 128, 128, 128, 128, 128, 128, 128, 128, 128, 128, 128, 128, 128,
         128, 127, 128, 128, 128, 124, 128, 128, 128, 128, 128, 127, 128, 128,
         128, 128, 128, 128],
        [128, 128, 128, 128, 128, 128, 128, 128, 128, 128, 128, 128, 128, 128,
         128, 128, 128, 128, 128, 126, 128, 128, 128, 128, 128, 128, 128, 128,
         128, 128, 128, 128],
        [128, 128, 128, 128, 128, 128, 128, 128, 128, 128, 128, 128, 128, 128,
         128, 127, 128, 128, 128, 124, 128, 128, 128, 128, 128, 127, 128, 128,
         128, 128, 128, 128],
        [128, 128, 128, 128, 128, 128, 128, 128, 128, 128, 128, 128, 128, 128,
         128, 127, 128, 128, 128, 125, 128, 128, 128, 128, 128, 128, 128, 128,
         128, 128, 128, 128],
        [128, 128, 128, 128, 128, 128, 128, 128, 128, 128, 128, 128, 128, 128,
         128, 127, 128, 128, 128, 124, 128, 128, 128, 128, 128, 127, 128, 128,
         128, 128, 128, 128],
        [128, 128, 128, 128, 128, 128, 128, 128, 128, 128, 128, 128, 128, 128,
         128, 127, 128, 128, 128, 124, 128, 128, 128, 128, 128, 128, 128, 128,
         128, 128, 128, 128],
        [128, 128, 128, 128, 128, 128, 128, 128, 128, 128, 128, 128, 128, 128,
         128, 128, 128, 128, 128, 125, 128, 128, 128, 128, 128, 128, 128, 128,
         128, 128, 128, 128],
        [128, 128, 128, 123, 128, 128, 128, 121, 128, 128, 128, 126, 128, 127,
         128, 119, 128, 128, 128, 119, 128, 127, 128, 128, 123, 120, 128, 128,
         128, 124, 128, 128],
        [128, 128, 128, 128, 128, 128, 128, 128, 128, 128, 128, 128, 128, 128,
         128, 127, 128, 128, 128, 124, 128, 128, 128, 128, 128, 127, 128, 128,
         128, 128, 128, 128],
        [128, 128, 128, 128, 128, 128, 128, 128, 128, 128, 128, 128, 128, 128,
         128, 128, 128, 128, 128, 125, 128, 128, 128, 128, 128, 128, 128, 128,
         128, 128, 128, 128],
        [128, 128, 128, 128, 128, 128, 128, 128, 128, 128, 128, 128, 128, 128,
         128, 127, 128, 128, 128, 125, 128, 128, 128, 128, 128, 128, 128, 128,
         128, 128, 128, 128]], device='cuda:2')tensor([[128, 128, 128, 128, 128, 128, 128, 128, 128, 128, 128, 128, 128, 128,
         128, 126, 128, 128, 128, 123, 128, 128, 128, 128, 128, 126, 128, 128,
         128, 128, 128, 128],
        [128, 128, 128, 128, 128, 128, 128, 128, 128, 128, 128, 128, 128, 128,
         128, 127, 128, 128, 128, 124, 128, 128, 128, 128, 128, 127, 128, 128,
         128, 128, 128, 128],
        [128, 128, 128, 128, 128, 128, 128, 128, 128, 128, 128, 128, 128, 128,
         128, 128, 128, 128, 128, 124, 128, 128, 128, 128, 128, 128, 128, 128,
         128, 128, 128, 128],
        [128, 128, 128, 128, 128, 128, 128, 128, 128, 128, 128, 128, 128, 128,
         128, 127, 128, 128, 128, 123, 128, 128, 128, 128, 128, 128, 128, 128,
         128, 128, 128, 128],
        [128, 128, 128, 128, 128, 128, 128, 128, 128, 128, 128, 128, 128, 128,
         128, 125, 128, 128, 128, 123, 128, 128, 128, 128, 128, 125, 128, 128,
         128, 128, 128, 128],
        [128, 128, 128, 128, 128, 128, 128, 128, 128, 128, 128, 128, 128, 128,
         128, 128, 128, 128, 128, 125, 128, 128, 128, 128, 128, 128, 128, 128,
         128, 128, 128, 128],
        [128, 128, 128, 128, 128, 128, 128, 128, 128, 128, 128, 128, 128, 128,
         128, 126, 128, 128, 128, 123, 128, 128, 128, 128, 128, 128, 128, 128,
         128, 128, 128, 128],
        [128, 128, 128, 121, 128, 128, 128, 119, 128, 128, 128, 128, 128, 128,
         128, 117, 128, 128, 128, 118, 128, 128, 128, 128, 124, 120, 125, 128,
         128, 126, 125, 128],
        [128, 128, 128, 128, 128, 128, 128, 128, 128, 128, 128, 128, 128, 128,
         128, 125, 128, 128, 128, 124, 128, 128, 128, 128, 128, 126, 128, 128,
         128, 128, 128, 128],
        [128, 128, 128, 128, 128, 128, 128, 127, 128, 128, 128, 128, 128, 128,
         128, 126, 128, 128, 128, 123, 128, 128, 128, 128, 128, 126, 128, 128,
         128, 128, 128, 128],
        [128, 128, 128, 128, 128, 128, 128, 128, 128, 128, 128, 128, 128, 128,
         128, 127, 128, 128, 128, 124, 128, 128, 128, 128, 128, 128, 128, 128,
         128, 128, 128, 128],
        [128, 128, 128, 128, 128, 128, 128, 128, 128, 128, 128, 128, 128, 128,
         128, 126, 128, 128, 128, 124, 128, 128, 128, 128, 128, 126, 128, 128,
         128, 128, 128, 128],
        [128, 128, 128, 128, 128, 128, 128, 128, 128, 128, 128, 128, 128, 128,
         128, 127, 128, 128, 128, 124, 128, 128, 128, 128, 128, 128, 128, 128,
         128, 128, 128, 128],
        [128, 128, 128, 128, 128, 128, 128, 128, 128, 128, 128, 128, 128, 128,
         128, 128, 128, 128, 128, 125, 128, 128, 128, 128, 128, 128, 128, 128,
         128, 128, 128, 128],
        [128, 128, 128, 128, 128, 128, 128, 127, 128, 128, 128, 128, 128, 128,
         128, 124, 128, 128, 128, 123, 128, 128, 128, 128, 128, 125, 128, 128,
         128, 128, 128, 128],
        [128, 128, 128, 128, 128, 128, 128, 128, 128, 128, 128, 128, 128, 128,
         128, 127, 128, 128, 128, 125, 128, 128, 128, 128, 128, 128, 128, 128,
         128, 128, 128, 128]], device='cuda:2')tensor([[128, 128, 128, 128, 128, 128, 128, 128, 128, 128, 128, 128, 128, 128,
         128, 127, 128, 128, 128, 124, 128, 128, 128, 128, 128, 128, 128, 128,
         128, 128, 128, 128],
        [128, 128, 128, 128, 128, 128, 128, 128, 128, 128, 128, 128, 128, 128,
         128, 128, 128, 128, 128, 125, 128, 128, 128, 128, 128, 128, 128, 128,
         128, 128, 128, 128],
        [128, 128, 128, 128, 128, 128, 128, 128, 128, 128, 128, 128, 128, 128,
         128, 126, 128, 128, 128, 123, 128, 128, 128, 128, 128, 126, 128, 128,
         128, 128, 128, 128],
        [128, 128, 128, 128, 128, 128, 128, 128, 128, 128, 128, 128, 128, 128,
         128, 127, 128, 128, 128, 124, 128, 128, 128, 128, 128, 128, 128, 128,
         128, 128, 128, 128],
        [128, 128, 128, 128, 128, 128, 128, 128, 128, 128, 128, 128, 128, 128,
         128, 128, 128, 128, 128, 125, 128, 128, 128, 128, 128, 128, 128, 128,
         128, 128, 128, 128],
        [128, 128, 128, 128, 128, 128, 128, 128, 128, 128, 128, 128, 128, 128,
         128, 128, 128, 128, 128, 126, 128, 128, 128, 128, 128, 128, 128, 128,
         128, 128, 128, 128],
        [128, 128, 128, 128, 128, 128, 128, 128, 128, 128, 128, 128, 128, 128,
         128, 128, 128, 128, 128, 127, 128, 128, 128, 128, 128, 128, 128, 128,
         128, 128, 128, 128],
        [128, 128, 128, 128, 128, 128, 128, 128, 128, 128, 128, 128, 128, 128,
         128, 128, 128, 128, 128, 125, 128, 128, 128, 128, 128, 128, 128, 128,
         128, 128, 128, 128],
        [128, 128, 128, 128, 128, 128, 128, 128, 128, 128, 128, 128, 128, 128,
         128, 128, 128, 128, 128, 125, 128, 128, 128, 128, 128, 128, 128, 128,
         128, 128, 128, 128],
        [128, 128, 128, 128, 128, 128, 128, 128, 128, 128, 128, 128, 128, 128,
         128, 128, 128, 128, 128, 125, 128, 128, 128, 128, 128, 128, 128, 128,
         128, 128, 128, 128],
        [128, 128, 128, 128, 128, 128, 128, 128, 128, 128, 128, 128, 128, 128,
         128, 128, 128, 128, 128, 125, 128, 128, 128, 128, 128, 128, 128, 128,
         128, 128, 128, 128],
        [128, 128, 128, 128, 128, 128, 128, 128, 128, 128, 128, 128, 128, 128,
         128, 128, 128, 128, 128, 124, 128, 128, 128, 128, 128, 128, 128, 128,
         128, 128, 128, 128],
        [128, 128, 128, 128, 128, 128, 128, 128, 128, 128, 128, 128, 128, 128,
         128, 128, 128, 128, 128, 126, 128, 128, 128, 128, 128, 128, 128, 128,
         128, 128, 128, 128],
        [128, 128, 128, 128, 128, 128, 128, 128, 128, 128, 128, 128, 128, 128,
         128, 128, 128, 128, 128, 125, 128, 128, 128, 128, 128, 128, 128, 128,
         128, 128, 128, 128],
        [128, 128, 128, 128, 128, 128, 128, 128, 128, 128, 128, 128, 128, 128,
         128, 126, 128, 128, 128, 124, 128, 128, 128, 128, 128, 127, 128, 128,
         128, 128, 128, 128],
        [128, 128, 128, 128, 128, 128, 128, 128, 128, 128, 128, 128, 128, 128,
         128, 127, 128, 128, 128, 124, 128, 128, 128, 128, 128, 128, 128, 128,
         128, 128, 128, 128]], device='cuda:3')tensor([[128, 128, 128, 128, 128, 128, 128, 128, 128, 128, 128, 128, 128, 128,
         128, 126, 128, 128, 128, 124, 128, 128, 128, 128, 128, 128, 128, 128,
         128, 128, 128, 128],
        [128, 128, 128, 128, 128, 128, 128, 127, 128, 128, 128, 128, 128, 128,
         128, 124, 128, 128, 128, 123, 128, 128, 128, 128, 128, 126, 128, 128,
         128, 128, 128, 128],
        [128, 128, 128, 128, 128, 128, 128, 128, 128, 128, 128, 128, 128, 128,
         128, 128, 128, 128, 128, 125, 128, 128, 128, 128, 128, 128, 128, 128,
         128, 128, 128, 128],
        [128, 128, 128, 128, 128, 128, 128, 128, 128, 128, 128, 128, 128, 128,
         128, 127, 128, 128, 128, 122, 128, 128, 128, 128, 128, 127, 128, 128,
         128, 128, 128, 128],
        [128, 128, 128, 128, 128, 128, 128, 127, 128, 128, 128, 128, 128, 128,
         128, 125, 128, 128, 128, 122, 128, 128, 128, 128, 128, 125, 128, 128,
         128, 128, 128, 128],
        [128, 128, 128, 128, 128, 128, 128, 128, 128, 128, 128, 128, 128, 128,
         128, 125, 128, 128, 128, 123, 128, 128, 128, 128, 128, 126, 128, 128,
         128, 128, 128, 128],
        [128, 128, 128, 128, 128, 128, 128, 128, 128, 128, 128, 128, 128, 128,
         128, 128, 128, 128, 128, 125, 128, 128, 128, 128, 128, 128, 128, 128,
         128, 128, 128, 128],
        [128, 128, 128, 128, 128, 128, 128, 128, 128, 128, 128, 128, 128, 128,
         128, 128, 128, 128, 128, 124, 128, 128, 128, 128, 128, 128, 128, 128,
         128, 128, 128, 128],
        [128, 128, 128, 128, 128, 128, 128, 128, 128, 128, 128, 128, 128, 128,
         128, 127, 128, 128, 128, 124, 128, 128, 128, 128, 128, 128, 128, 128,
         128, 128, 128, 128],
        [128, 128, 128, 128, 128, 128, 128, 128, 128, 128, 128, 128, 128, 128,
         128, 125, 128, 128, 128, 122, 128, 128, 128, 128, 128, 125, 128, 128,
         128, 128, 128, 128],
        [128, 128, 128, 128, 128, 128, 128, 127, 128, 128, 128, 128, 128, 128,
         128, 124, 128, 128, 128, 122, 128, 128, 128, 128, 128, 125, 128, 128,
         128, 128, 128, 128],
        [128, 128, 128, 128, 128, 128, 128, 128, 128, 128, 128, 128, 128, 128,
         128, 126, 128, 128, 128, 123, 128, 128, 128, 128, 128, 127, 128, 128,
         128, 128, 128, 128],
        [128, 128, 128, 128, 128, 128, 128, 127, 128, 128, 128, 128, 128, 128,
         128, 125, 128, 128, 128, 123, 128, 128, 128, 128, 128, 126, 128, 128,
         128, 128, 128, 128],
        [128, 128, 128, 128, 128, 128, 128, 128, 128, 128, 128, 128, 128, 128,
         128, 127, 128, 128, 128, 125, 128, 128, 128, 128, 128, 128, 128, 128,
         128, 128, 128, 128],
        [128, 128, 128, 127, 128, 128, 128, 126, 128, 128, 128, 128, 128, 128,
         128, 124, 128, 128, 128, 122, 128, 128, 128, 128, 128, 124, 128, 128,
         128, 128, 128, 128],
        [128, 128, 128, 128, 128, 128, 128, 128, 128, 128, 128, 128, 128, 128,
         128, 128, 128, 128, 128, 126, 128, 128, 128, 128, 128, 128, 128, 128,
         128, 128, 128, 128]], device='cuda:1')tensor([[128, 128, 128, 128, 128, 128, 128, 128, 128, 128, 128, 128, 128, 128,
         128, 128, 128, 128, 128, 127, 128, 128, 128, 128, 128, 128, 128, 128,
         128, 128, 128, 128],
        [128, 128, 128, 128, 128, 128, 128, 128, 128, 128, 128, 128, 128, 128,
         128, 127, 128, 128, 128, 125, 128, 128, 128, 128, 128, 128, 128, 128,
         128, 128, 128, 128],
        [128, 128, 128, 128, 128, 128, 128, 128, 128, 128, 128, 128, 128, 128,
         128, 128, 128, 128, 128, 126, 128, 128, 128, 128, 128, 128, 128, 128,
         128, 128, 128, 128],
        [128, 128, 128, 128, 128, 128, 128, 128, 128, 128, 128, 128, 128, 128,
         128, 128, 128, 128, 128, 126, 128, 128, 128, 128, 128, 128, 128, 128,
         128, 128, 128, 128],
        [128, 128, 128, 128, 128, 128, 128, 128, 128, 128, 128, 128, 128, 128,
         128, 127, 128, 128, 128, 126, 128, 128, 128, 128, 128, 128, 128, 128,
         128, 128, 128, 128],
        [128, 128, 128, 128, 128, 128, 128, 128, 128, 128, 128, 128, 128, 128,
         128, 128, 128, 128, 128, 127, 128, 128, 128, 128, 128, 128, 128, 128,
         128, 128, 128, 128],
        [128, 128, 128, 128, 128, 128, 128, 128, 128, 128, 128, 128, 128, 128,
         128, 128, 128, 128, 128, 127, 128, 128, 128, 128, 128, 128, 128, 128,
         128, 128, 128, 128],
        [128, 128, 128, 128, 128, 128, 128, 128, 128, 128, 128, 128, 128, 128,
         128, 128, 128, 128, 128, 127, 128, 128, 128, 128, 128, 128, 128, 128,
         128, 128, 128, 128],
        [128, 128, 128, 128, 128, 128, 128, 128, 128, 128, 128, 128, 128, 128,
         128, 128, 128, 128, 128, 127, 128, 128, 128, 128, 128, 128, 128, 128,
         128, 128, 128, 128],
        [128, 128, 128, 128, 128, 128, 128, 128, 128, 128, 128, 128, 128, 128,
         128, 128, 128, 128, 128, 125, 128, 128, 128, 128, 128, 128, 128, 128,
         128, 128, 128, 128],
        [128, 128, 128, 128, 128, 128, 128, 128, 128, 128, 128, 128, 128, 128,
         128, 128, 128, 128, 128, 127, 128, 128, 128, 128, 128, 128, 128, 128,
         128, 128, 128, 128],
        [128, 128, 128, 128, 128, 128, 128, 128, 128, 128, 128, 128, 128, 128,
         128, 128, 128, 128, 128, 127, 128, 128, 128, 128, 128, 128, 128, 128,
         128, 128, 128, 128],
        [128, 128, 128, 128, 128, 128, 128, 128, 128, 128, 128, 128, 128, 128,
         128, 128, 128, 128, 128, 127, 128, 128, 128, 128, 128, 128, 128, 128,
         128, 128, 128, 128],
        [128, 128, 128, 128, 128, 128, 128, 128, 128, 128, 128, 128, 128, 128,
         128, 128, 128, 128, 128, 127, 128, 128, 128, 128, 128, 128, 128, 128,
         128, 128, 128, 128],
        [128, 128, 128, 128, 128, 128, 128, 128, 128, 128, 128, 128, 128, 128,
         128, 128, 128, 128, 128, 127, 128, 128, 128, 128, 128, 128, 128, 128,
         128, 128, 128, 128],
        [128, 128, 128, 128, 128, 128, 128, 128, 128, 128, 128, 128, 128, 128,
         128, 128, 128, 128, 128, 127, 128, 128, 128, 128, 128, 128, 128, 128,
         128, 128, 128, 128]], device='cuda:0')tensor([[128, 128, 128, 128, 128, 128, 128, 128, 128, 128, 128, 128, 128, 128,
         128, 126, 128, 128, 128, 123, 128, 128, 128, 128, 128, 126, 128, 128,
         128, 128, 128, 128],
        [128, 128, 128, 128, 128, 128, 128, 128, 128, 128, 128, 128, 128, 128,
         128, 127, 128, 128, 128, 124, 128, 128, 128, 128, 128, 127, 128, 128,
         128, 128, 128, 128],
        [128, 128, 128, 128, 128, 128, 128, 128, 128, 128, 128, 128, 128, 128,
         128, 128, 128, 128, 128, 124, 128, 128, 128, 128, 128, 128, 128, 128,
         128, 128, 128, 128],
        [128, 128, 128, 128, 128, 128, 128, 128, 128, 128, 128, 128, 128, 128,
         128, 127, 128, 128, 128, 123, 128, 128, 128, 128, 128, 128, 128, 128,
         128, 128, 128, 128],
        [128, 128, 128, 128, 128, 128, 128, 128, 128, 128, 128, 128, 128, 128,
         128, 125, 128, 128, 128, 123, 128, 128, 128, 128, 128, 125, 128, 128,
         128, 128, 128, 128],
        [128, 128, 128, 128, 128, 128, 128, 128, 128, 128, 128, 128, 128, 128,
         128, 128, 128, 128, 128, 125, 128, 128, 128, 128, 128, 128, 128, 128,
         128, 128, 128, 128],
        [128, 128, 128, 128, 128, 128, 128, 128, 128, 128, 128, 128, 128, 128,
         128, 126, 128, 128, 128, 123, 128, 128, 128, 128, 128, 128, 128, 128,
         128, 128, 128, 128],
        [128, 128, 128, 121, 128, 128, 128, 119, 128, 128, 128, 128, 128, 128,
         128, 117, 128, 128, 128, 118, 128, 128, 128, 128, 124, 120, 125, 128,
         128, 126, 125, 128],
        [128, 128, 128, 128, 128, 128, 128, 128, 128, 128, 128, 128, 128, 128,
         128, 125, 128, 128, 128, 124, 128, 128, 128, 128, 128, 126, 128, 128,
         128, 128, 128, 128],
        [128, 128, 128, 128, 128, 128, 128, 127, 128, 128, 128, 128, 128, 128,
         128, 126, 128, 128, 128, 123, 128, 128, 128, 128, 128, 126, 128, 128,
         128, 128, 128, 128],
        [128, 128, 128, 128, 128, 128, 128, 128, 128, 128, 128, 128, 128, 128,
         128, 127, 128, 128, 128, 124, 128, 128, 128, 128, 128, 128, 128, 128,
         128, 128, 128, 128],
        [128, 128, 128, 128, 128, 128, 128, 128, 128, 128, 128, 128, 128, 128,
         128, 126, 128, 128, 128, 124, 128, 128, 128, 128, 128, 126, 128, 128,
         128, 128, 128, 128],
        [128, 128, 128, 128, 128, 128, 128, 128, 128, 128, 128, 128, 128, 128,
         128, 127, 128, 128, 128, 124, 128, 128, 128, 128, 128, 128, 128, 128,
         128, 128, 128, 128],
        [128, 128, 128, 128, 128, 128, 128, 128, 128, 128, 128, 128, 128, 128,
         128, 128, 128, 128, 128, 125, 128, 128, 128, 128, 128, 128, 128, 128,
         128, 128, 128, 128],
        [128, 128, 128, 128, 128, 128, 128, 127, 128, 128, 128, 128, 128, 128,
         128, 124, 128, 128, 128, 123, 128, 128, 128, 128, 128, 125, 128, 128,
         128, 128, 128, 128],
        [128, 128, 128, 128, 128, 128, 128, 128, 128, 128, 128, 128, 128, 128,
         128, 127, 128, 128, 128, 125, 128, 128, 128, 128, 128, 128, 128, 128,
         128, 128, 128, 128]], device='cuda:2')tensor([[128, 128, 128, 128, 128, 128, 128, 128, 128, 128, 128, 128, 128, 128,
         128, 128, 128, 128, 128, 127, 128, 128, 128, 128, 128, 128, 128, 128,
         128, 128, 128, 128],
        [128, 128, 128, 128, 128, 128, 128, 128, 128, 128, 128, 128, 128, 128,
         128, 127, 128, 128, 128, 125, 128, 128, 128, 128, 128, 128, 128, 128,
         128, 128, 128, 128],
        [128, 128, 128, 128, 128, 128, 128, 128, 128, 128, 128, 128, 128, 128,
         128, 128, 128, 128, 128, 126, 128, 128, 128, 128, 128, 128, 128, 128,
         128, 128, 128, 128],
        [128, 128, 128, 128, 128, 128, 128, 128, 128, 128, 128, 128, 128, 128,
         128, 128, 128, 128, 128, 126, 128, 128, 128, 128, 128, 128, 128, 128,
         128, 128, 128, 128],
        [128, 128, 128, 128, 128, 128, 128, 128, 128, 128, 128, 128, 128, 128,
         128, 127, 128, 128, 128, 126, 128, 128, 128, 128, 128, 128, 128, 128,
         128, 128, 128, 128],
        [128, 128, 128, 128, 128, 128, 128, 128, 128, 128, 128, 128, 128, 128,
         128, 128, 128, 128, 128, 127, 128, 128, 128, 128, 128, 128, 128, 128,
         128, 128, 128, 128],
        [128, 128, 128, 128, 128, 128, 128, 128, 128, 128, 128, 128, 128, 128,
         128, 128, 128, 128, 128, 127, 128, 128, 128, 128, 128, 128, 128, 128,
         128, 128, 128, 128],
        [128, 128, 128, 128, 128, 128, 128, 128, 128, 128, 128, 128, 128, 128,
         128, 128, 128, 128, 128, 127, 128, 128, 128, 128, 128, 128, 128, 128,
         128, 128, 128, 128],
        [128, 128, 128, 128, 128, 128, 128, 128, 128, 128, 128, 128, 128, 128,
         128, 128, 128, 128, 128, 127, 128, 128, 128, 128, 128, 128, 128, 128,
         128, 128, 128, 128],
        [128, 128, 128, 128, 128, 128, 128, 128, 128, 128, 128, 128, 128, 128,
         128, 128, 128, 128, 128, 125, 128, 128, 128, 128, 128, 128, 128, 128,
         128, 128, 128, 128],
        [128, 128, 128, 128, 128, 128, 128, 128, 128, 128, 128, 128, 128, 128,
         128, 128, 128, 128, 128, 127, 128, 128, 128, 128, 128, 128, 128, 128,
         128, 128, 128, 128],
        [128, 128, 128, 128, 128, 128, 128, 128, 128, 128, 128, 128, 128, 128,
         128, 128, 128, 128, 128, 127, 128, 128, 128, 128, 128, 128, 128, 128,
         128, 128, 128, 128],
        [128, 128, 128, 128, 128, 128, 128, 128, 128, 128, 128, 128, 128, 128,
         128, 128, 128, 128, 128, 127, 128, 128, 128, 128, 128, 128, 128, 128,
         128, 128, 128, 128],
        [128, 128, 128, 128, 128, 128, 128, 128, 128, 128, 128, 128, 128, 128,
         128, 128, 128, 128, 128, 127, 128, 128, 128, 128, 128, 128, 128, 128,
         128, 128, 128, 128],
        [128, 128, 128, 128, 128, 128, 128, 128, 128, 128, 128, 128, 128, 128,
         128, 128, 128, 128, 128, 127, 128, 128, 128, 128, 128, 128, 128, 128,
         128, 128, 128, 128],
        [128, 128, 128, 128, 128, 128, 128, 128, 128, 128, 128, 128, 128, 128,
         128, 128, 128, 128, 128, 127, 128, 128, 128, 128, 128, 128, 128, 128,
         128, 128, 128, 128]], device='cuda:0')tensor([[128, 128, 128, 128, 128, 128, 128, 128, 128, 128, 128, 128, 128, 128,
         128, 126, 128, 128, 128, 124, 128, 128, 128, 128, 128, 128, 128, 128,
         128, 128, 128, 128],
        [128, 128, 128, 128, 128, 128, 128, 127, 128, 128, 128, 128, 128, 128,
         128, 124, 128, 128, 128, 123, 128, 128, 128, 128, 128, 126, 128, 128,
         128, 128, 128, 128],
        [128, 128, 128, 128, 128, 128, 128, 128, 128, 128, 128, 128, 128, 128,
         128, 128, 128, 128, 128, 125, 128, 128, 128, 128, 128, 128, 128, 128,
         128, 128, 128, 128],
        [128, 128, 128, 128, 128, 128, 128, 128, 128, 128, 128, 128, 128, 128,
         128, 127, 128, 128, 128, 122, 128, 128, 128, 128, 128, 127, 128, 128,
         128, 128, 128, 128],
        [128, 128, 128, 128, 128, 128, 128, 127, 128, 128, 128, 128, 128, 128,
         128, 125, 128, 128, 128, 122, 128, 128, 128, 128, 128, 125, 128, 128,
         128, 128, 128, 128],
        [128, 128, 128, 128, 128, 128, 128, 128, 128, 128, 128, 128, 128, 128,
         128, 125, 128, 128, 128, 123, 128, 128, 128, 128, 128, 126, 128, 128,
         128, 128, 128, 128],
        [128, 128, 128, 128, 128, 128, 128, 128, 128, 128, 128, 128, 128, 128,
         128, 128, 128, 128, 128, 125, 128, 128, 128, 128, 128, 128, 128, 128,
         128, 128, 128, 128],
        [128, 128, 128, 128, 128, 128, 128, 128, 128, 128, 128, 128, 128, 128,
         128, 128, 128, 128, 128, 124, 128, 128, 128, 128, 128, 128, 128, 128,
         128, 128, 128, 128],
        [128, 128, 128, 128, 128, 128, 128, 128, 128, 128, 128, 128, 128, 128,
         128, 127, 128, 128, 128, 124, 128, 128, 128, 128, 128, 128, 128, 128,
         128, 128, 128, 128],
        [128, 128, 128, 128, 128, 128, 128, 128, 128, 128, 128, 128, 128, 128,
         128, 125, 128, 128, 128, 122, 128, 128, 128, 128, 128, 125, 128, 128,
         128, 128, 128, 128],
        [128, 128, 128, 128, 128, 128, 128, 127, 128, 128, 128, 128, 128, 128,
         128, 124, 128, 128, 128, 122, 128, 128, 128, 128, 128, 125, 128, 128,
         128, 128, 128, 128],
        [128, 128, 128, 128, 128, 128, 128, 128, 128, 128, 128, 128, 128, 128,
         128, 126, 128, 128, 128, 123, 128, 128, 128, 128, 128, 127, 128, 128,
         128, 128, 128, 128],
        [128, 128, 128, 128, 128, 128, 128, 127, 128, 128, 128, 128, 128, 128,
         128, 125, 128, 128, 128, 123, 128, 128, 128, 128, 128, 126, 128, 128,
         128, 128, 128, 128],
        [128, 128, 128, 128, 128, 128, 128, 128, 128, 128, 128, 128, 128, 128,
         128, 127, 128, 128, 128, 125, 128, 128, 128, 128, 128, 128, 128, 128,
         128, 128, 128, 128],
        [128, 128, 128, 127, 128, 128, 128, 126, 128, 128, 128, 128, 128, 128,
         128, 124, 128, 128, 128, 122, 128, 128, 128, 128, 128, 124, 128, 128,
         128, 128, 128, 128],
        [128, 128, 128, 128, 128, 128, 128, 128, 128, 128, 128, 128, 128, 128,
         128, 128, 128, 128, 128, 126, 128, 128, 128, 128, 128, 128, 128, 128,
         128, 128, 128, 128]], device='cuda:1')tensor([[128, 128, 128, 128, 128, 128, 128, 128, 128, 128, 128, 128, 128, 128,
         128, 127, 128, 128, 128, 124, 128, 128, 128, 128, 128, 128, 128, 128,
         128, 128, 128, 128],
        [128, 128, 128, 128, 128, 128, 128, 128, 128, 128, 128, 128, 128, 128,
         128, 128, 128, 128, 128, 125, 128, 128, 128, 128, 128, 128, 128, 128,
         128, 128, 128, 128],
        [128, 128, 128, 128, 128, 128, 128, 128, 128, 128, 128, 128, 128, 128,
         128, 126, 128, 128, 128, 123, 128, 128, 128, 128, 128, 126, 128, 128,
         128, 128, 128, 128],
        [128, 128, 128, 128, 128, 128, 128, 128, 128, 128, 128, 128, 128, 128,
         128, 127, 128, 128, 128, 124, 128, 128, 128, 128, 128, 128, 128, 128,
         128, 128, 128, 128],
        [128, 128, 128, 128, 128, 128, 128, 128, 128, 128, 128, 128, 128, 128,
         128, 128, 128, 128, 128, 125, 128, 128, 128, 128, 128, 128, 128, 128,
         128, 128, 128, 128],
        [128, 128, 128, 128, 128, 128, 128, 128, 128, 128, 128, 128, 128, 128,
         128, 128, 128, 128, 128, 126, 128, 128, 128, 128, 128, 128, 128, 128,
         128, 128, 128, 128],
        [128, 128, 128, 128, 128, 128, 128, 128, 128, 128, 128, 128, 128, 128,
         128, 128, 128, 128, 128, 127, 128, 128, 128, 128, 128, 128, 128, 128,
         128, 128, 128, 128],
        [128, 128, 128, 128, 128, 128, 128, 128, 128, 128, 128, 128, 128, 128,
         128, 128, 128, 128, 128, 125, 128, 128, 128, 128, 128, 128, 128, 128,
         128, 128, 128, 128],
        [128, 128, 128, 128, 128, 128, 128, 128, 128, 128, 128, 128, 128, 128,
         128, 128, 128, 128, 128, 125, 128, 128, 128, 128, 128, 128, 128, 128,
         128, 128, 128, 128],
        [128, 128, 128, 128, 128, 128, 128, 128, 128, 128, 128, 128, 128, 128,
         128, 128, 128, 128, 128, 125, 128, 128, 128, 128, 128, 128, 128, 128,
         128, 128, 128, 128],
        [128, 128, 128, 128, 128, 128, 128, 128, 128, 128, 128, 128, 128, 128,
         128, 128, 128, 128, 128, 125, 128, 128, 128, 128, 128, 128, 128, 128,
         128, 128, 128, 128],
        [128, 128, 128, 128, 128, 128, 128, 128, 128, 128, 128, 128, 128, 128,
         128, 128, 128, 128, 128, 124, 128, 128, 128, 128, 128, 128, 128, 128,
         128, 128, 128, 128],
        [128, 128, 128, 128, 128, 128, 128, 128, 128, 128, 128, 128, 128, 128,
         128, 128, 128, 128, 128, 126, 128, 128, 128, 128, 128, 128, 128, 128,
         128, 128, 128, 128],
        [128, 128, 128, 128, 128, 128, 128, 128, 128, 128, 128, 128, 128, 128,
         128, 128, 128, 128, 128, 125, 128, 128, 128, 128, 128, 128, 128, 128,
         128, 128, 128, 128],
        [128, 128, 128, 128, 128, 128, 128, 128, 128, 128, 128, 128, 128, 128,
         128, 126, 128, 128, 128, 124, 128, 128, 128, 128, 128, 127, 128, 128,
         128, 128, 128, 128],
        [128, 128, 128, 128, 128, 128, 128, 128, 128, 128, 128, 128, 128, 128,
         128, 127, 128, 128, 128, 124, 128, 128, 128, 128, 128, 128, 128, 128,
         128, 128, 128, 128]], device='cuda:3')tensor([442, 442, 442, 441, 442, 438, 400, 401, 429, 442, 442, 394, 432, 382,
        442, 411], device='cuda:1')tensor([419, 419, 404, 388, 419, 376, 419, 419, 419, 402, 419, 379, 418, 386,
        419, 419], device='cuda:0')tensor([465, 351, 512, 509, 439, 439, 491, 465, 465, 440, 410, 411, 440, 491,
        465, 466], device='cuda:2')tensor([512, 512, 381, 465, 465, 512, 440, 512, 440, 491, 410, 381, 440, 512,
        512, 512], device='cuda:3')tensor([402, 402, 428, 428, 402, 446, 446, 403, 348, 428, 448, 446, 402, 402,
        448, 428], device='cuda:2')tensor([506, 433, 463, 448, 442, 411, 426, 492, 459, 440, 509, 498, 435, 509,
        503, 417], device='cuda:0')tensor([440, 439, 440, 465, 512, 411, 464, 440, 411, 438, 439, 490, 504, 465,
        411, 465], device='cuda:1')tensor([465, 440, 440, 381, 411, 440, 411, 381, 381, 411, 410, 394, 439, 512,
        440, 411], device='cuda:3')tensor([415, 410, 397, 429, 387, 396, 435, 401, 386, 435, 435, 435, 386, 435,
        402, 397], device='cuda:2')tensor([410, 410, 512, 381, 410, 410, 381, 465, 465, 491, 512, 410, 465, 509,
        490, 410], device='cuda:0')tensor([440, 410, 381, 491, 410, 512, 439, 411, 381, 351, 351, 381, 381, 381,
        465, 440], device='cuda:1')tensor([381, 512, 411, 381, 381, 491, 351, 466, 465, 410, 381, 411, 381, 351,
        381, 381], device='cuda:3')tensor([364, 364, 341, 364, 299, 352, 364, 358, 363, 363, 364, 364, 278, 359,
        364, 364], device='cuda:2')tensor([403, 403, 401, 403, 379, 403, 403, 381, 403, 403, 403, 378, 403, 355,
        403, 403], device='cuda:1')tensor([424, 437, 424, 451, 409, 424, 451, 395, 475, 437, 395, 475, 496, 475,
        380, 475], device='cuda:0')tensor([509, 439, 509, 411, 439, 512, 512, 439, 351, 509, 381, 439, 410, 411,
        381, 410], device='cuda:3')tensor([329, 329, 329, 329, 329, 329, 329, 329, 329, 329, 329, 329, 329, 329,
        329, 329], device='cuda:0')tensor([407, 462, 488, 435, 376, 512, 436, 256, 407, 407, 462, 407, 488, 512,
        376, 508], device='cuda:2')tensor([396, 403, 364, 395, 403, 403, 403, 403, 403, 403, 403, 394, 403, 403,
        377, 400], device='cuda:3')tensor([462, 377, 512, 464, 377, 407, 512, 508, 462, 377, 377, 435, 376, 488,
        348, 512], device='cuda:1')