tensor([[128, 128, 128, 128, 128, 128, 128, 128, 128, 128, 128, 128, 128, 128,
         128, 128, 128, 128, 128, 128, 128, 128, 128, 128, 128, 128, 128, 128,
         128, 128, 128, 128],
        [128, 128, 128, 128, 128, 128, 128, 128, 128, 128, 128, 128, 128, 128,
         128, 128, 128, 128, 128, 128, 128, 128, 128, 128, 128, 128, 128, 128,
         128, 128, 128, 128],
        [128, 128, 128, 128, 128, 128, 128, 128, 128, 128, 128, 128, 128, 128,
         128, 128, 128, 128, 128, 128, 128, 128, 128, 128, 128, 128, 128, 128,
         128, 128, 128, 128],
        [128, 128, 128, 128, 128, 128, 128, 128, 128, 128, 128, 128, 128, 128,
         128, 128, 128, 128, 128, 128, 128, 128, 128, 128, 128, 128, 128, 128,
         128, 128, 128, 128],
        [128, 128, 128, 128, 128, 128, 128, 128, 128, 128, 128, 128, 128, 128,
         128, 128, 128, 128, 128, 128, 128, 128, 128, 128, 128, 128, 128, 128,
         128, 128, 128, 128],
        [128, 128, 128, 128, 128, 128, 128, 128, 128, 128, 128, 128, 128, 128,
         128, 128, 128, 128, 128, 128, 128, 128, 128, 128, 128, 128, 128, 128,
         128, 128, 128, 128],
        [128, 128, 128, 128, 128, 128, 128, 128, 128, 128, 128, 128, 128, 128,
         128, 128, 128, 128, 128, 128, 128, 128, 128, 128, 128, 128, 128, 128,
         128, 128, 128, 128],
        [128, 128, 128, 128, 128, 128, 128, 128, 128, 128, 128, 128, 128, 128,
         128, 128, 128, 128, 128, 128, 128, 128, 128, 128, 128, 128, 128, 128,
         128, 128, 128, 128],
        [128, 128, 128, 128, 128, 128, 128, 128, 128, 128, 128, 128, 128, 128,
         128, 128, 128, 128, 128, 128, 128, 128, 128, 128, 128, 128, 128, 128,
         128, 128, 128, 128],
        [128, 128, 128, 128, 128, 128, 128, 128, 128, 128, 128, 128, 128, 128,
         128, 128, 128, 128, 128, 128, 128, 128, 128, 128, 128, 128, 128, 128,
         128, 128, 128, 128],
        [128, 128, 128, 128, 128, 128, 128, 128, 128, 128, 128, 128, 128, 128,
         128, 128, 128, 128, 128, 128, 128, 128, 128, 128, 128, 128, 128, 128,
         128, 128, 128, 128],
        [128, 128, 128, 128, 128, 128, 128, 128, 128, 128, 128, 128, 128, 128,
         128, 128, 128, 128, 128, 128, 128, 128, 128, 128, 128, 128, 128, 128,
         128, 128, 128, 128],
        [128, 128, 128, 128, 128, 128, 128, 128, 128, 128, 128, 128, 128, 128,
         128, 128, 128, 128, 128, 128, 128, 128, 128, 128, 128, 128, 128, 128,
         128, 128, 128, 128],
        [128, 128, 128, 128, 128, 128, 128, 128, 128, 128, 128, 128, 128, 128,
         128, 128, 128, 128, 128, 128, 128, 128, 128, 128, 128, 128, 128, 128,
         128, 128, 128, 128],
        [128, 128, 128, 128, 128, 128, 128, 128, 128, 128, 128, 128, 128, 128,
         128, 128, 128, 128, 128, 128, 128, 128, 128, 128, 128, 128, 128, 128,
         128, 128, 128, 128],
        [128, 128, 128, 128, 128, 128, 128, 128, 128, 128, 128, 128, 128, 128,
         128, 128, 128, 128, 128, 128, 128, 128, 128, 128, 128, 128, 128, 128,
         128, 128, 128, 128]], device='cuda:3')tensor([[128, 128, 128, 128, 128, 128, 128, 128, 128, 128, 128, 128, 128, 128,
         128, 128, 128, 128, 128, 128, 128, 128, 128, 128, 128, 128, 128, 128,
         128, 128, 128, 128],
        [128, 128, 128, 128, 128, 128, 128, 128, 128, 128, 128, 128, 128, 128,
         128, 128, 128, 128, 128, 128, 128, 128, 128, 128, 128, 128, 128, 128,
         128, 128, 128, 128],
        [128, 128, 128, 128, 128, 128, 128, 128, 128, 128, 128, 128, 128, 128,
         128, 128, 128, 128, 128, 128, 128, 128, 128, 128, 128, 128, 128, 128,
         128, 128, 128, 128],
        [128, 128, 128, 128, 128, 128, 128, 128, 128, 128, 128, 128, 128, 128,
         128, 128, 128, 128, 128, 128, 128, 128, 128, 128, 128, 128, 128, 128,
         128, 128, 128, 128],
        [128, 128, 128, 128, 128, 128, 128, 128, 128, 128, 128, 128, 128, 128,
         128, 128, 128, 128, 128, 128, 128, 128, 128, 128, 128, 128, 128, 128,
         128, 128, 128, 128],
        [128, 128, 128, 128, 128, 128, 128, 128, 128, 128, 128, 128, 128, 128,
         128, 128, 128, 128, 128, 128, 128, 128, 128, 128, 128, 128, 128, 128,
         128, 128, 128, 128],
        [128, 128, 128, 128, 128, 128, 128, 128, 128, 128, 128, 128, 128, 128,
         128, 128, 128, 128, 128, 128, 128, 128, 128, 128, 128, 128, 128, 128,
         128, 128, 128, 128],
        [128, 128, 128, 128, 128, 128, 128, 128, 128, 128, 128, 128, 128, 128,
         128, 128, 128, 128, 128, 128, 128, 128, 128, 128, 128, 128, 128, 128,
         128, 128, 128, 128],
        [128, 128, 128, 128, 128, 128, 128, 128, 128, 128, 128, 128, 128, 128,
         128, 128, 128, 128, 128, 128, 128, 128, 128, 128, 128, 128, 128, 128,
         128, 128, 128, 128],
        [128, 128, 128, 128, 128, 128, 128, 128, 128, 128, 128, 128, 128, 128,
         128, 128, 128, 128, 128, 128, 128, 128, 128, 128, 128, 128, 128, 128,
         128, 128, 128, 128],
        [128, 128, 128, 128, 128, 128, 128, 128, 128, 128, 128, 128, 128, 128,
         128, 128, 128, 128, 128, 128, 128, 128, 128, 128, 128, 128, 128, 128,
         128, 128, 128, 128],
        [128, 128, 128, 128, 128, 128, 128, 128, 128, 128, 128, 128, 128, 128,
         128, 128, 128, 128, 128, 128, 128, 128, 128, 128, 128, 128, 128, 128,
         128, 128, 128, 128],
        [128, 128, 128, 128, 128, 128, 128, 128, 128, 128, 128, 128, 128, 128,
         128, 128, 128, 128, 128, 128, 128, 128, 128, 128, 128, 128, 128, 128,
         128, 128, 128, 128],
        [128, 128, 128, 128, 128, 128, 128, 128, 128, 128, 128, 128, 128, 128,
         128, 128, 128, 128, 128, 128, 128, 128, 128, 128, 128, 128, 128, 128,
         128, 128, 128, 128],
        [128, 128, 128, 128, 128, 128, 128, 128, 128, 128, 128, 128, 128, 128,
         128, 128, 128, 128, 128, 128, 128, 128, 128, 128, 128, 128, 128, 128,
         128, 128, 128, 128],
        [128, 128, 128, 128, 128, 128, 128, 128, 128, 128, 128, 128, 128, 128,
         128, 128, 128, 128, 128, 128, 128, 128, 128, 128, 128, 128, 128, 128,
         128, 128, 128, 128]], device='cuda:0')tensor([[128, 128, 128, 128, 128, 128, 128, 128, 128, 128, 128, 128, 128, 128,
         128, 128, 128, 128, 128, 128, 128, 128, 128, 128, 128, 128, 128, 128,
         128, 128, 128, 128],
        [128, 128, 128, 128, 128, 128, 128, 128, 128, 128, 128, 128, 128, 128,
         128, 128, 128, 128, 128, 128, 128, 128, 128, 128, 128, 128, 128, 128,
         128, 128, 128, 128],
        [128, 128, 128, 128, 128, 128, 128, 128, 128, 128, 128, 128, 128, 128,
         128, 128, 128, 128, 128, 128, 128, 128, 128, 128, 128, 128, 128, 128,
         128, 128, 128, 128],
        [128, 128, 128, 128, 128, 128, 128, 128, 128, 128, 128, 128, 128, 128,
         128, 128, 128, 128, 128, 128, 128, 128, 128, 128, 128, 128, 128, 128,
         128, 128, 128, 128],
        [128, 128, 128, 128, 128, 128, 128, 128, 128, 128, 128, 128, 128, 128,
         128, 128, 128, 128, 128, 128, 128, 128, 128, 128, 128, 128, 128, 128,
         128, 128, 128, 128],
        [128, 128, 128, 128, 128, 128, 128, 128, 128, 128, 128, 128, 128, 128,
         128, 128, 128, 128, 128, 128, 128, 128, 128, 128, 128, 128, 128, 128,
         128, 128, 128, 128],
        [128, 128, 128, 128, 128, 128, 128, 128, 128, 128, 128, 128, 128, 128,
         128, 128, 128, 128, 128, 128, 128, 128, 128, 128, 128, 128, 128, 128,
         128, 128, 128, 128],
        [128, 128, 128, 128, 128, 128, 128, 128, 128, 128, 128, 128, 128, 128,
         128, 128, 128, 128, 128, 128, 128, 128, 128, 128, 128, 128, 128, 128,
         128, 128, 128, 128],
        [128, 128, 128, 128, 128, 128, 128, 128, 128, 128, 128, 128, 128, 128,
         128, 128, 128, 128, 128, 128, 128, 128, 128, 128, 128, 128, 128, 128,
         128, 128, 128, 128],
        [128, 128, 128, 128, 128, 128, 128, 128, 128, 128, 128, 128, 128, 128,
         128, 128, 128, 128, 128, 128, 128, 128, 128, 128, 128, 128, 128, 128,
         128, 128, 128, 128],
        [128, 128, 128, 128, 128, 128, 128, 128, 128, 128, 128, 128, 128, 128,
         128, 128, 128, 128, 128, 128, 128, 128, 128, 128, 128, 128, 128, 128,
         128, 128, 128, 128],
        [128, 128, 128, 128, 128, 128, 128, 128, 128, 128, 128, 128, 128, 128,
         128, 128, 128, 128, 128, 128, 128, 128, 128, 128, 128, 128, 128, 128,
         128, 128, 128, 128],
        [128, 128, 128, 128, 128, 128, 128, 128, 128, 128, 128, 128, 128, 128,
         128, 128, 128, 128, 128, 128, 128, 128, 128, 128, 128, 128, 128, 128,
         128, 128, 128, 128],
        [128, 128, 128, 128, 128, 128, 128, 128, 128, 128, 128, 128, 128, 128,
         128, 128, 128, 128, 128, 128, 128, 128, 128, 128, 128, 128, 128, 128,
         128, 128, 128, 128],
        [128, 128, 128, 128, 128, 128, 128, 128, 128, 128, 128, 128, 128, 128,
         128, 128, 128, 128, 128, 128, 128, 128, 128, 128, 128, 128, 128, 128,
         128, 128, 128, 128],
        [128, 128, 128, 128, 128, 128, 128, 128, 128, 128, 128, 128, 128, 128,
         128, 128, 128, 128, 128, 128, 128, 128, 128, 128, 128, 128, 128, 128,
         128, 128, 128, 128]], device='cuda:1')tensor([[128, 128, 128, 128, 128, 128, 128, 128, 128, 128, 128, 128, 128, 128,
         128, 128, 128, 128, 128, 128, 128, 128, 128, 128, 128, 128, 128, 128,
         128, 128, 128, 128],
        [128, 128, 128, 128, 128, 128, 128, 128, 128, 128, 128, 128, 128, 128,
         128, 128, 128, 128, 128, 128, 128, 128, 128, 128, 128, 128, 128, 128,
         128, 128, 128, 128],
        [128, 128, 128, 128, 128, 128, 128, 128, 128, 128, 128, 128, 128, 128,
         128, 128, 128, 128, 128, 128, 128, 128, 128, 128, 128, 128, 128, 128,
         128, 128, 128, 128],
        [128, 128, 128, 128, 128, 128, 128, 128, 128, 128, 128, 128, 128, 128,
         128, 128, 128, 128, 128, 128, 128, 128, 128, 128, 128, 128, 128, 128,
         128, 128, 128, 128],
        [128, 128, 128, 128, 128, 128, 128, 128, 128, 128, 128, 128, 128, 128,
         128, 128, 128, 128, 128, 128, 128, 128, 128, 128, 128, 128, 128, 128,
         128, 128, 128, 128],
        [128, 128, 128, 128, 128, 128, 128, 128, 128, 128, 128, 128, 128, 128,
         128, 128, 128, 128, 128, 128, 128, 128, 128, 128, 128, 128, 128, 128,
         128, 128, 128, 128],
        [128, 128, 128, 128, 128, 128, 128, 128, 128, 128, 128, 128, 128, 128,
         128, 128, 128, 128, 128, 128, 128, 128, 128, 128, 128, 128, 128, 128,
         128, 128, 128, 128],
        [128, 128, 128, 128, 128, 128, 128, 128, 128, 128, 128, 128, 128, 128,
         128, 128, 128, 128, 128, 128, 128, 128, 128, 128, 128, 128, 128, 128,
         128, 128, 128, 128],
        [128, 128, 128, 128, 128, 128, 128, 128, 128, 128, 128, 128, 128, 128,
         128, 128, 128, 128, 128, 128, 128, 128, 128, 128, 128, 128, 128, 128,
         128, 128, 128, 128],
        [128, 128, 128, 128, 128, 128, 128, 128, 128, 128, 128, 128, 128, 128,
         128, 128, 128, 128, 128, 128, 128, 128, 128, 128, 128, 128, 128, 128,
         128, 128, 128, 128],
        [128, 128, 128, 128, 128, 128, 128, 128, 128, 128, 128, 128, 128, 128,
         128, 128, 128, 128, 128, 128, 128, 128, 128, 128, 128, 128, 128, 128,
         128, 128, 128, 128],
        [128, 128, 128, 128, 128, 128, 128, 128, 128, 128, 128, 128, 128, 128,
         128, 128, 128, 128, 128, 128, 128, 128, 128, 128, 128, 128, 128, 128,
         128, 128, 128, 128],
        [128, 128, 128, 128, 128, 128, 128, 128, 128, 128, 128, 128, 128, 128,
         128, 128, 128, 128, 128, 128, 128, 128, 128, 128, 128, 128, 128, 128,
         128, 128, 128, 128],
        [128, 128, 128, 128, 128, 128, 128, 128, 128, 128, 128, 128, 128, 128,
         128, 128, 128, 128, 128, 128, 128, 128, 128, 128, 128, 128, 128, 128,
         128, 128, 128, 128],
        [128, 128, 128, 128, 128, 128, 128, 128, 128, 128, 128, 128, 128, 128,
         128, 128, 128, 128, 128, 128, 128, 128, 128, 128, 128, 128, 128, 128,
         128, 128, 128, 128],
        [128, 128, 128, 128, 128, 128, 128, 128, 128, 128, 128, 128, 128, 128,
         128, 128, 128, 128, 128, 128, 128, 128, 128, 128, 128, 128, 128, 128,
         128, 128, 128, 128]], device='cuda:2')tensor([[128, 128, 128, 128, 128, 128, 128, 128, 128, 128, 128, 128, 128, 128,
         128, 128, 128, 128, 128, 128, 128, 128, 128, 128, 128, 128, 128, 128,
         128, 128, 128, 128],
        [128, 128, 128, 128, 128, 128, 128, 128, 128, 128, 128, 128, 128, 128,
         128, 128, 128, 128, 128, 128, 128, 128, 128, 128, 128, 128, 128, 128,
         128, 128, 128, 128],
        [128, 128, 128, 128, 128, 128, 128, 128, 128, 128, 128, 128, 128, 128,
         128, 128, 128, 128, 128, 128, 128, 128, 128, 128, 128, 128, 128, 128,
         128, 128, 128, 128],
        [128, 128, 128, 128, 128, 128, 128, 128, 128, 128, 128, 128, 128, 128,
         128, 128, 128, 128, 128, 128, 128, 128, 128, 128, 128, 128, 128, 128,
         128, 128, 128, 128],
        [128, 128, 128, 128, 128, 128, 128, 128, 128, 128, 128, 128, 128, 128,
         128, 128, 128, 128, 128, 128, 128, 128, 128, 128, 128, 128, 128, 128,
         128, 128, 128, 128],
        [128, 128, 128, 128, 128, 128, 128, 128, 128, 128, 128, 128, 128, 128,
         128, 128, 128, 128, 128, 128, 128, 128, 128, 128, 128, 128, 128, 128,
         128, 128, 128, 128],
        [128, 128, 128, 128, 128, 128, 128, 128, 128, 128, 128, 128, 128, 128,
         128, 128, 128, 128, 128, 128, 128, 128, 128, 128, 128, 128, 128, 128,
         128, 128, 128, 128],
        [128, 128, 128, 128, 128, 128, 128, 128, 128, 128, 128, 128, 128, 128,
         128, 128, 128, 128, 128, 128, 128, 128, 128, 128, 128, 128, 128, 128,
         128, 128, 128, 128],
        [128, 128, 128, 128, 128, 128, 128, 128, 128, 128, 128, 128, 128, 128,
         128, 128, 128, 128, 128, 128, 128, 128, 128, 128, 128, 128, 128, 128,
         128, 128, 128, 128],
        [128, 128, 128, 128, 128, 128, 128, 128, 128, 128, 128, 128, 128, 128,
         128, 128, 128, 128, 128, 128, 128, 128, 128, 128, 128, 128, 128, 128,
         128, 128, 128, 128],
        [128, 128, 128, 128, 128, 128, 128, 128, 128, 128, 128, 128, 128, 128,
         128, 128, 128, 128, 128, 128, 128, 128, 128, 128, 128, 128, 128, 128,
         128, 128, 128, 128],
        [128, 128, 128, 128, 128, 128, 128, 128, 128, 128, 128, 128, 128, 128,
         128, 128, 128, 128, 128, 128, 128, 128, 128, 128, 128, 128, 128, 128,
         128, 128, 128, 128],
        [128, 128, 128, 128, 128, 128, 128, 128, 128, 128, 128, 128, 128, 128,
         128, 128, 128, 128, 128, 128, 128, 128, 128, 128, 128, 128, 128, 128,
         128, 128, 128, 128],
        [128, 128, 128, 128, 128, 128, 128, 128, 128, 128, 128, 128, 128, 128,
         128, 128, 128, 128, 128, 128, 128, 128, 128, 128, 128, 128, 128, 128,
         128, 128, 128, 128],
        [128, 128, 128, 128, 128, 128, 128, 128, 128, 128, 128, 128, 128, 128,
         128, 128, 128, 128, 128, 128, 128, 128, 128, 128, 128, 128, 128, 128,
         128, 128, 128, 128],
        [128, 128, 128, 128, 128, 128, 128, 128, 128, 128, 128, 128, 128, 128,
         128, 128, 128, 128, 128, 128, 128, 128, 128, 128, 128, 128, 128, 128,
         128, 128, 128, 128]], device='cuda:0')tensor([[128, 128, 128, 128, 128, 128, 128, 128, 128, 128, 128, 128, 128, 128,
         128, 128, 128, 128, 128, 128, 128, 128, 128, 128, 128, 128, 128, 128,
         128, 128, 128, 128],
        [128, 128, 128, 128, 128, 128, 128, 128, 128, 128, 128, 128, 128, 128,
         128, 128, 128, 128, 128, 128, 128, 128, 128, 128, 128, 128, 128, 128,
         128, 128, 128, 128],
        [128, 128, 128, 128, 128, 128, 128, 128, 128, 128, 128, 128, 128, 128,
         128, 128, 128, 128, 128, 128, 128, 128, 128, 128, 128, 128, 128, 128,
         128, 128, 128, 128],
        [128, 128, 128, 128, 128, 128, 128, 128, 128, 128, 128, 128, 128, 128,
         128, 128, 128, 128, 128, 128, 128, 128, 128, 128, 128, 128, 128, 128,
         128, 128, 128, 128],
        [128, 128, 128, 128, 128, 128, 128, 128, 128, 128, 128, 128, 128, 128,
         128, 128, 128, 128, 128, 128, 128, 128, 128, 128, 128, 128, 128, 128,
         128, 128, 128, 128],
        [128, 128, 128, 128, 128, 128, 128, 128, 128, 128, 128, 128, 128, 128,
         128, 128, 128, 128, 128, 128, 128, 128, 128, 128, 128, 128, 128, 128,
         128, 128, 128, 128],
        [128, 128, 128, 128, 128, 128, 128, 128, 128, 128, 128, 128, 128, 128,
         128, 128, 128, 128, 128, 128, 128, 128, 128, 128, 128, 128, 128, 128,
         128, 128, 128, 128],
        [128, 128, 128, 128, 128, 128, 128, 128, 128, 128, 128, 128, 128, 128,
         128, 128, 128, 128, 128, 128, 128, 128, 128, 128, 128, 128, 128, 128,
         128, 128, 128, 128],
        [128, 128, 128, 128, 128, 128, 128, 128, 128, 128, 128, 128, 128, 128,
         128, 128, 128, 128, 128, 128, 128, 128, 128, 128, 128, 128, 128, 128,
         128, 128, 128, 128],
        [128, 128, 128, 128, 128, 128, 128, 128, 128, 128, 128, 128, 128, 128,
         128, 128, 128, 128, 128, 128, 128, 128, 128, 128, 128, 128, 128, 128,
         128, 128, 128, 128],
        [128, 128, 128, 128, 128, 128, 128, 128, 128, 128, 128, 128, 128, 128,
         128, 128, 128, 128, 128, 128, 128, 128, 128, 128, 128, 128, 128, 128,
         128, 128, 128, 128],
        [128, 128, 128, 128, 128, 128, 128, 128, 128, 128, 128, 128, 128, 128,
         128, 128, 128, 128, 128, 128, 128, 128, 128, 128, 128, 128, 128, 128,
         128, 128, 128, 128],
        [128, 128, 128, 128, 128, 128, 128, 128, 128, 128, 128, 128, 128, 128,
         128, 128, 128, 128, 128, 128, 128, 128, 128, 128, 128, 128, 128, 128,
         128, 128, 128, 128],
        [128, 128, 128, 128, 128, 128, 128, 128, 128, 128, 128, 128, 128, 128,
         128, 128, 128, 128, 128, 128, 128, 128, 128, 128, 128, 128, 128, 128,
         128, 128, 128, 128],
        [128, 128, 128, 128, 128, 128, 128, 128, 128, 128, 128, 128, 128, 128,
         128, 128, 128, 128, 128, 128, 128, 128, 128, 128, 128, 128, 128, 128,
         128, 128, 128, 128],
        [128, 128, 128, 128, 128, 128, 128, 128, 128, 128, 128, 128, 128, 128,
         128, 128, 128, 128, 128, 128, 128, 128, 128, 128, 128, 128, 128, 128,
         128, 128, 128, 128]], device='cuda:3')tensor([[128, 128, 128, 128, 128, 128, 128, 128, 128, 128, 128, 128, 128, 128,
         128, 128, 128, 128, 128, 128, 128, 128, 128, 128, 128, 128, 128, 128,
         128, 128, 128, 128],
        [128, 128, 128, 128, 128, 128, 128, 128, 128, 128, 128, 128, 128, 128,
         128, 128, 128, 128, 128, 128, 128, 128, 128, 128, 128, 128, 128, 128,
         128, 128, 128, 128],
        [128, 128, 128, 128, 128, 128, 128, 128, 128, 128, 128, 128, 128, 128,
         128, 128, 128, 128, 128, 128, 128, 128, 128, 128, 128, 128, 128, 128,
         128, 128, 128, 128],
        [128, 128, 128, 128, 128, 128, 128, 128, 128, 128, 128, 128, 128, 128,
         128, 128, 128, 128, 128, 128, 128, 128, 128, 128, 128, 128, 128, 128,
         128, 128, 128, 128],
        [128, 128, 128, 128, 128, 128, 128, 128, 128, 128, 128, 128, 128, 128,
         128, 128, 128, 128, 128, 128, 128, 128, 128, 128, 128, 128, 128, 128,
         128, 128, 128, 128],
        [128, 128, 128, 128, 128, 128, 128, 128, 128, 128, 128, 128, 128, 128,
         128, 128, 128, 128, 128, 128, 128, 128, 128, 128, 128, 128, 128, 128,
         128, 128, 128, 128],
        [128, 128, 128, 128, 128, 128, 128, 128, 128, 128, 128, 128, 128, 128,
         128, 128, 128, 128, 128, 128, 128, 128, 128, 128, 128, 128, 128, 128,
         128, 128, 128, 128],
        [128, 128, 128, 128, 128, 128, 128, 128, 128, 128, 128, 128, 128, 128,
         128, 128, 128, 128, 128, 128, 128, 128, 128, 128, 128, 128, 128, 128,
         128, 128, 128, 128],
        [128, 128, 128, 128, 128, 128, 128, 128, 128, 128, 128, 128, 128, 128,
         128, 128, 128, 128, 128, 128, 128, 128, 128, 128, 128, 128, 128, 128,
         128, 128, 128, 128],
        [128, 128, 128, 128, 128, 128, 128, 128, 128, 128, 128, 128, 128, 128,
         128, 128, 128, 128, 128, 128, 128, 128, 128, 128, 128, 128, 128, 128,
         128, 128, 128, 128],
        [128, 128, 128, 128, 128, 128, 128, 128, 128, 128, 128, 128, 128, 128,
         128, 128, 128, 128, 128, 128, 128, 128, 128, 128, 128, 128, 128, 128,
         128, 128, 128, 128],
        [128, 128, 128, 128, 128, 128, 128, 128, 128, 128, 128, 128, 128, 128,
         128, 128, 128, 128, 128, 128, 128, 128, 128, 128, 128, 128, 128, 128,
         128, 128, 128, 128],
        [128, 128, 128, 128, 128, 128, 128, 128, 128, 128, 128, 128, 128, 128,
         128, 128, 128, 128, 128, 128, 128, 128, 128, 128, 128, 128, 128, 128,
         128, 128, 128, 128],
        [128, 128, 128, 128, 128, 128, 128, 128, 128, 128, 128, 128, 128, 128,
         128, 128, 128, 128, 128, 128, 128, 128, 128, 128, 128, 128, 128, 128,
         128, 128, 128, 128],
        [128, 128, 128, 128, 128, 128, 128, 128, 128, 128, 128, 128, 128, 128,
         128, 128, 128, 128, 128, 128, 128, 128, 128, 128, 128, 128, 128, 128,
         128, 128, 128, 128],
        [128, 128, 128, 128, 128, 128, 128, 128, 128, 128, 128, 128, 128, 128,
         128, 128, 128, 128, 128, 128, 128, 128, 128, 128, 128, 128, 128, 128,
         128, 128, 128, 128]], device='cuda:1')tensor([[128, 128, 128, 128, 128, 128, 128, 128, 128, 128, 128, 128, 128, 128,
         128, 128, 128, 128, 128, 128, 128, 128, 128, 128, 128, 128, 128, 128,
         128, 128, 128, 128],
        [128, 128, 128, 128, 128, 128, 128, 128, 128, 128, 128, 128, 128, 128,
         128, 128, 128, 128, 128, 128, 128, 128, 128, 128, 128, 128, 128, 128,
         128, 128, 128, 128],
        [128, 128, 128, 128, 128, 128, 128, 128, 128, 128, 128, 128, 128, 128,
         128, 128, 128, 128, 128, 128, 128, 128, 128, 128, 128, 128, 128, 128,
         128, 128, 128, 128],
        [128, 128, 128, 128, 128, 128, 128, 128, 128, 128, 128, 128, 128, 128,
         128, 128, 128, 128, 128, 128, 128, 128, 128, 128, 128, 128, 128, 128,
         128, 128, 128, 128],
        [128, 128, 128, 128, 128, 128, 128, 128, 128, 128, 128, 128, 128, 128,
         128, 128, 128, 128, 128, 128, 128, 128, 128, 128, 128, 128, 128, 128,
         128, 128, 128, 128],
        [128, 128, 128, 128, 128, 128, 128, 128, 128, 128, 128, 128, 128, 128,
         128, 128, 128, 128, 128, 128, 128, 128, 128, 128, 128, 128, 128, 128,
         128, 128, 128, 128],
        [128, 128, 128, 128, 128, 128, 128, 128, 128, 128, 128, 128, 128, 128,
         128, 128, 128, 128, 128, 128, 128, 128, 128, 128, 128, 128, 128, 128,
         128, 128, 128, 128],
        [128, 128, 128, 128, 128, 128, 128, 128, 128, 128, 128, 128, 128, 128,
         128, 128, 128, 128, 128, 128, 128, 128, 128, 128, 128, 128, 128, 128,
         128, 128, 128, 128],
        [128, 128, 128, 128, 128, 128, 128, 128, 128, 128, 128, 128, 128, 128,
         128, 128, 128, 128, 128, 128, 128, 128, 128, 128, 128, 128, 128, 128,
         128, 128, 128, 128],
        [128, 128, 128, 128, 128, 128, 128, 128, 128, 128, 128, 128, 128, 128,
         128, 128, 128, 128, 128, 128, 128, 128, 128, 128, 128, 128, 128, 128,
         128, 128, 128, 128],
        [128, 128, 128, 128, 128, 128, 128, 128, 128, 128, 128, 128, 128, 128,
         128, 128, 128, 128, 128, 128, 128, 128, 128, 128, 128, 128, 128, 128,
         128, 128, 128, 128],
        [128, 128, 128, 128, 128, 128, 128, 128, 128, 128, 128, 128, 128, 128,
         128, 128, 128, 128, 128, 128, 128, 128, 128, 128, 128, 128, 128, 128,
         128, 128, 128, 128],
        [128, 128, 128, 128, 128, 128, 128, 128, 128, 128, 128, 128, 128, 128,
         128, 128, 128, 128, 128, 128, 128, 128, 128, 128, 128, 128, 128, 128,
         128, 128, 128, 128],
        [128, 128, 128, 128, 128, 128, 128, 128, 128, 128, 128, 128, 128, 128,
         128, 128, 128, 128, 128, 128, 128, 128, 128, 128, 128, 128, 128, 128,
         128, 128, 128, 128],
        [128, 128, 128, 128, 128, 128, 128, 128, 128, 128, 128, 128, 128, 128,
         128, 128, 128, 128, 128, 128, 128, 128, 128, 128, 128, 128, 128, 128,
         128, 128, 128, 128],
        [128, 128, 128, 128, 128, 128, 128, 128, 128, 128, 128, 128, 128, 128,
         128, 128, 128, 128, 128, 128, 128, 128, 128, 128, 128, 128, 128, 128,
         128, 128, 128, 128]], device='cuda:2')tensor([[128, 128, 128, 128, 128, 128, 128, 128, 128, 128, 128, 128, 128, 128,
         128, 128, 128, 128, 128, 128, 128, 128, 128, 128, 128, 128, 128, 128,
         128, 128, 128, 128],
        [128, 128, 128, 128, 128, 128, 128, 128, 128, 128, 128, 128, 128, 128,
         128, 128, 128, 128, 128, 128, 128, 128, 128, 128, 128, 128, 128, 128,
         128, 128, 128, 128],
        [128, 128, 128, 128, 128, 128, 128, 128, 128, 128, 128, 128, 128, 128,
         128, 128, 128, 128, 128, 128, 128, 128, 128, 128, 128, 128, 128, 128,
         128, 128, 128, 128],
        [128, 128, 128, 128, 128, 128, 128, 128, 128, 128, 128, 128, 128, 128,
         128, 128, 128, 128, 128, 128, 128, 128, 128, 128, 128, 128, 128, 128,
         128, 128, 128, 128],
        [128, 128, 128, 128, 128, 128, 128, 128, 128, 128, 128, 128, 128, 128,
         128, 128, 128, 128, 128, 128, 128, 128, 128, 128, 128, 128, 128, 128,
         128, 128, 128, 128],
        [128, 128, 128, 128, 128, 128, 128, 128, 128, 128, 128, 128, 128, 128,
         128, 128, 128, 128, 128, 128, 128, 128, 128, 128, 128, 128, 128, 128,
         128, 128, 128, 128],
        [128, 128, 128, 128, 128, 128, 128, 128, 128, 128, 128, 128, 128, 128,
         128, 128, 128, 128, 128, 128, 128, 128, 128, 128, 128, 128, 128, 128,
         128, 128, 128, 128],
        [128, 128, 128, 128, 128, 128, 128, 128, 128, 128, 128, 128, 128, 128,
         128, 128, 128, 128, 128, 128, 128, 128, 128, 128, 128, 128, 128, 128,
         128, 128, 128, 128],
        [128, 128, 128, 128, 128, 128, 128, 128, 128, 128, 128, 128, 128, 128,
         128, 128, 128, 128, 128, 128, 128, 128, 128, 128, 128, 128, 128, 128,
         128, 128, 128, 128],
        [128, 128, 128, 128, 128, 128, 128, 128, 128, 128, 128, 128, 128, 128,
         128, 128, 128, 128, 128, 128, 128, 128, 128, 128, 128, 128, 128, 128,
         128, 128, 128, 128],
        [128, 128, 128, 128, 128, 128, 128, 128, 128, 128, 128, 128, 128, 128,
         128, 128, 128, 128, 128, 128, 128, 128, 128, 128, 128, 128, 128, 128,
         128, 128, 128, 128],
        [128, 128, 128, 128, 128, 128, 128, 128, 128, 128, 128, 128, 128, 128,
         128, 128, 128, 128, 128, 128, 128, 128, 128, 128, 128, 128, 128, 128,
         128, 128, 128, 128],
        [128, 128, 128, 128, 128, 128, 128, 128, 128, 128, 128, 128, 128, 128,
         128, 128, 128, 128, 128, 128, 128, 128, 128, 128, 128, 128, 128, 128,
         128, 128, 128, 128],
        [128, 128, 128, 128, 128, 128, 128, 128, 128, 128, 128, 128, 128, 128,
         128, 128, 128, 128, 128, 128, 128, 128, 128, 128, 128, 128, 128, 128,
         128, 128, 128, 128],
        [128, 128, 128, 128, 128, 128, 128, 128, 128, 128, 128, 128, 128, 128,
         128, 128, 128, 128, 128, 128, 128, 128, 128, 128, 128, 128, 128, 128,
         128, 128, 128, 128],
        [128, 128, 128, 128, 128, 128, 128, 128, 128, 128, 128, 128, 128, 128,
         128, 128, 128, 128, 128, 128, 128, 128, 128, 128, 128, 128, 128, 128,
         128, 128, 128, 128]], device='cuda:0')tensor([[128, 128, 128, 128, 128, 128, 128, 128, 128, 128, 128, 128, 128, 128,
         128, 128, 128, 128, 128, 128, 128, 128, 128, 128, 128, 128, 128, 128,
         128, 128, 128, 128],
        [128, 128, 128, 128, 128, 128, 128, 128, 128, 128, 128, 128, 128, 128,
         128, 128, 128, 128, 128, 128, 128, 128, 128, 128, 128, 128, 128, 128,
         128, 128, 128, 128],
        [128, 128, 128, 128, 128, 128, 128, 128, 128, 128, 128, 128, 128, 128,
         128, 128, 128, 128, 128, 128, 128, 128, 128, 128, 128, 128, 128, 128,
         128, 128, 128, 128],
        [128, 128, 128, 128, 128, 128, 128, 128, 128, 128, 128, 128, 128, 128,
         128, 128, 128, 128, 128, 128, 128, 128, 128, 128, 128, 128, 128, 128,
         128, 128, 128, 128],
        [128, 128, 128, 128, 128, 128, 128, 128, 128, 128, 128, 128, 128, 128,
         128, 128, 128, 128, 128, 128, 128, 128, 128, 128, 128, 128, 128, 128,
         128, 128, 128, 128],
        [128, 128, 128, 128, 128, 128, 128, 128, 128, 128, 128, 128, 128, 128,
         128, 128, 128, 128, 128, 128, 128, 128, 128, 128, 128, 128, 128, 128,
         128, 128, 128, 128],
        [128, 128, 128, 128, 128, 128, 128, 128, 128, 128, 128, 128, 128, 128,
         128, 128, 128, 128, 128, 128, 128, 128, 128, 128, 128, 128, 128, 128,
         128, 128, 128, 128],
        [128, 128, 128, 128, 128, 128, 128, 128, 128, 128, 128, 128, 128, 128,
         128, 128, 128, 128, 128, 128, 128, 128, 128, 128, 128, 128, 128, 128,
         128, 128, 128, 128],
        [128, 128, 128, 128, 128, 128, 128, 128, 128, 128, 128, 128, 128, 128,
         128, 128, 128, 128, 128, 128, 128, 128, 128, 128, 128, 128, 128, 128,
         128, 128, 128, 128],
        [128, 128, 128, 128, 128, 128, 128, 128, 128, 128, 128, 128, 128, 128,
         128, 128, 128, 128, 128, 128, 128, 128, 128, 128, 128, 128, 128, 128,
         128, 128, 128, 128],
        [128, 128, 128, 128, 128, 128, 128, 128, 128, 128, 128, 128, 128, 128,
         128, 128, 128, 128, 128, 128, 128, 128, 128, 128, 128, 128, 128, 128,
         128, 128, 128, 128],
        [128, 128, 128, 128, 128, 128, 128, 128, 128, 128, 128, 128, 128, 128,
         128, 128, 128, 128, 128, 128, 128, 128, 128, 128, 128, 128, 128, 128,
         128, 128, 128, 128],
        [128, 128, 128, 128, 128, 128, 128, 128, 128, 128, 128, 128, 128, 128,
         128, 128, 128, 128, 128, 128, 128, 128, 128, 128, 128, 128, 128, 128,
         128, 128, 128, 128],
        [128, 128, 128, 128, 128, 128, 128, 128, 128, 128, 128, 128, 128, 128,
         128, 128, 128, 128, 128, 128, 128, 128, 128, 128, 128, 128, 128, 128,
         128, 128, 128, 128],
        [128, 128, 128, 128, 128, 128, 128, 128, 128, 128, 128, 128, 128, 128,
         128, 128, 128, 128, 128, 128, 128, 128, 128, 128, 128, 128, 128, 128,
         128, 128, 128, 128],
        [128, 128, 128, 128, 128, 128, 128, 128, 128, 128, 128, 128, 128, 128,
         128, 128, 128, 128, 128, 128, 128, 128, 128, 128, 128, 128, 128, 128,
         128, 128, 128, 128]], device='cuda:3')tensor([[128, 128, 128, 128, 128, 128, 128, 128, 128, 128, 128, 128, 128, 128,
         128, 128, 128, 128, 128, 128, 128, 128, 128, 128, 128, 128, 128, 128,
         128, 128, 128, 128],
        [128, 128, 128, 128, 128, 128, 128, 128, 128, 128, 128, 128, 128, 128,
         128, 128, 128, 128, 128, 128, 128, 128, 128, 128, 128, 128, 128, 128,
         128, 128, 128, 128],
        [128, 128, 128, 128, 128, 128, 128, 128, 128, 128, 128, 128, 128, 128,
         128, 128, 128, 128, 128, 128, 128, 128, 128, 128, 128, 128, 128, 128,
         128, 128, 128, 128],
        [128, 128, 128, 128, 128, 128, 128, 128, 128, 128, 128, 128, 128, 128,
         128, 128, 128, 128, 128, 128, 128, 128, 128, 128, 128, 128, 128, 128,
         128, 128, 128, 128],
        [128, 128, 128, 128, 128, 128, 128, 128, 128, 128, 128, 128, 128, 128,
         128, 128, 128, 128, 128, 128, 128, 128, 128, 128, 128, 128, 128, 128,
         128, 128, 128, 128],
        [128, 128, 128, 128, 128, 128, 128, 128, 128, 128, 128, 128, 128, 128,
         128, 128, 128, 128, 128, 128, 128, 128, 128, 128, 128, 128, 128, 128,
         128, 128, 128, 128],
        [128, 128, 128, 128, 128, 128, 128, 128, 128, 128, 128, 128, 128, 128,
         128, 128, 128, 128, 128, 128, 128, 128, 128, 128, 128, 128, 128, 128,
         128, 128, 128, 128],
        [128, 128, 128, 128, 128, 128, 128, 128, 128, 128, 128, 128, 128, 128,
         128, 128, 128, 128, 128, 128, 128, 128, 128, 128, 128, 128, 128, 128,
         128, 128, 128, 128],
        [128, 128, 128, 128, 128, 128, 128, 128, 128, 128, 128, 128, 128, 128,
         128, 128, 128, 128, 128, 128, 128, 128, 128, 128, 128, 128, 128, 128,
         128, 128, 128, 128],
        [128, 128, 128, 128, 128, 128, 128, 128, 128, 128, 128, 128, 128, 128,
         128, 128, 128, 128, 128, 128, 128, 128, 128, 128, 128, 128, 128, 128,
         128, 128, 128, 128],
        [128, 128, 128, 128, 128, 128, 128, 128, 128, 128, 128, 128, 128, 128,
         128, 128, 128, 128, 128, 128, 128, 128, 128, 128, 128, 128, 128, 128,
         128, 128, 128, 128],
        [128, 128, 128, 128, 128, 128, 128, 128, 128, 128, 128, 128, 128, 128,
         128, 128, 128, 128, 128, 128, 128, 128, 128, 128, 128, 128, 128, 128,
         128, 128, 128, 128],
        [128, 128, 128, 128, 128, 128, 128, 128, 128, 128, 128, 128, 128, 128,
         128, 128, 128, 128, 128, 128, 128, 128, 128, 128, 128, 128, 128, 128,
         128, 128, 128, 128],
        [128, 128, 128, 128, 128, 128, 128, 128, 128, 128, 128, 128, 128, 128,
         128, 128, 128, 128, 128, 128, 128, 128, 128, 128, 128, 128, 128, 128,
         128, 128, 128, 128],
        [128, 128, 128, 128, 128, 128, 128, 128, 128, 128, 128, 128, 128, 128,
         128, 128, 128, 128, 128, 128, 128, 128, 128, 128, 128, 128, 128, 128,
         128, 128, 128, 128],
        [128, 128, 128, 128, 128, 128, 128, 128, 128, 128, 128, 128, 128, 128,
         128, 128, 128, 128, 128, 128, 128, 128, 128, 128, 128, 128, 128, 128,
         128, 128, 128, 128]], device='cuda:1')tensor([[128, 128, 128, 128, 128, 128, 128, 128, 128, 128, 128, 128, 128, 128,
         128, 128, 128, 128, 128, 128, 128, 128, 128, 128, 128, 128, 128, 128,
         128, 128, 128, 128],
        [128, 128, 128, 128, 128, 128, 128, 128, 128, 128, 128, 128, 128, 128,
         128, 128, 128, 128, 128, 128, 128, 128, 128, 128, 128, 128, 128, 128,
         128, 128, 128, 128],
        [128, 128, 128, 128, 128, 128, 128, 128, 128, 128, 128, 128, 128, 128,
         128, 128, 128, 128, 128, 128, 128, 128, 128, 128, 128, 128, 128, 128,
         128, 128, 128, 128],
        [128, 128, 128, 128, 128, 128, 128, 128, 128, 128, 128, 128, 128, 128,
         128, 128, 128, 128, 128, 128, 128, 128, 128, 128, 128, 128, 128, 128,
         128, 128, 128, 128],
        [128, 128, 128, 128, 128, 128, 128, 128, 128, 128, 128, 128, 128, 128,
         128, 128, 128, 128, 128, 128, 128, 128, 128, 128, 128, 128, 128, 128,
         128, 128, 128, 128],
        [128, 128, 128, 128, 128, 128, 128, 128, 128, 128, 128, 128, 128, 128,
         128, 128, 128, 128, 128, 128, 128, 128, 128, 128, 128, 128, 128, 128,
         128, 128, 128, 128],
        [128, 128, 128, 128, 128, 128, 128, 128, 128, 128, 128, 128, 128, 128,
         128, 128, 128, 128, 128, 128, 128, 128, 128, 128, 128, 128, 128, 128,
         128, 128, 128, 128],
        [128, 128, 128, 128, 128, 128, 128, 128, 128, 128, 128, 128, 128, 128,
         128, 128, 128, 128, 128, 128, 128, 128, 128, 128, 128, 128, 128, 128,
         128, 128, 128, 128],
        [128, 128, 128, 128, 128, 128, 128, 128, 128, 128, 128, 128, 128, 128,
         128, 128, 128, 128, 128, 128, 128, 128, 128, 128, 128, 128, 128, 128,
         128, 128, 128, 128],
        [128, 128, 128, 128, 128, 128, 128, 128, 128, 128, 128, 128, 128, 128,
         128, 128, 128, 128, 128, 128, 128, 128, 128, 128, 128, 128, 128, 128,
         128, 128, 128, 128],
        [128, 128, 128, 128, 128, 128, 128, 128, 128, 128, 128, 128, 128, 128,
         128, 128, 128, 128, 128, 128, 128, 128, 128, 128, 128, 128, 128, 128,
         128, 128, 128, 128],
        [128, 128, 128, 128, 128, 128, 128, 128, 128, 128, 128, 128, 128, 128,
         128, 128, 128, 128, 128, 128, 128, 128, 128, 128, 128, 128, 128, 128,
         128, 128, 128, 128],
        [128, 128, 128, 128, 128, 128, 128, 128, 128, 128, 128, 128, 128, 128,
         128, 128, 128, 128, 128, 128, 128, 128, 128, 128, 128, 128, 128, 128,
         128, 128, 128, 128],
        [128, 128, 128, 128, 128, 128, 128, 128, 128, 128, 128, 128, 128, 128,
         128, 128, 128, 128, 128, 128, 128, 128, 128, 128, 128, 128, 128, 128,
         128, 128, 128, 128],
        [128, 128, 128, 128, 128, 128, 128, 128, 128, 128, 128, 128, 128, 128,
         128, 128, 128, 128, 128, 128, 128, 128, 128, 128, 128, 128, 128, 128,
         128, 128, 128, 128],
        [128, 128, 128, 128, 128, 128, 128, 128, 128, 128, 128, 128, 128, 128,
         128, 128, 128, 128, 128, 128, 128, 128, 128, 128, 128, 128, 128, 128,
         128, 128, 128, 128]], device='cuda:2')tensor([[128, 128, 128, 128, 128, 128, 128, 128, 128, 128, 128, 128, 128, 128,
         128, 128, 128, 128, 128, 128, 128, 128, 128, 128, 128, 128, 128, 128,
         128, 128, 128, 128],
        [128, 128, 128, 128, 128, 128, 128, 128, 128, 128, 128, 128, 128, 128,
         128, 128, 128, 128, 128, 128, 128, 128, 128, 128, 128, 128, 128, 128,
         128, 128, 128, 128],
        [128, 128, 128, 128, 128, 128, 128, 128, 128, 128, 128, 128, 128, 128,
         128, 128, 128, 128, 128, 128, 128, 128, 128, 128, 128, 128, 128, 128,
         128, 128, 128, 128],
        [128, 128, 128, 128, 128, 128, 128, 128, 128, 128, 128, 128, 128, 128,
         128, 128, 128, 128, 128, 128, 128, 128, 128, 128, 128, 128, 128, 128,
         128, 128, 128, 128],
        [128, 128, 128, 128, 128, 128, 128, 128, 128, 128, 128, 128, 128, 128,
         128, 128, 128, 128, 128, 128, 128, 128, 128, 128, 128, 128, 128, 128,
         128, 128, 128, 128],
        [128, 128, 128, 128, 128, 128, 128, 128, 128, 128, 128, 128, 128, 128,
         128, 128, 128, 128, 128, 128, 128, 128, 128, 128, 128, 128, 128, 128,
         128, 128, 128, 128],
        [128, 128, 128, 128, 128, 128, 128, 128, 128, 128, 128, 128, 128, 128,
         128, 128, 128, 128, 128, 128, 128, 128, 128, 128, 128, 128, 128, 128,
         128, 128, 128, 128],
        [128, 128, 128, 128, 128, 128, 128, 128, 128, 128, 128, 128, 128, 128,
         128, 128, 128, 128, 128, 128, 128, 128, 128, 128, 128, 128, 128, 128,
         128, 128, 128, 128],
        [128, 128, 128, 128, 128, 128, 128, 128, 128, 128, 128, 128, 128, 128,
         128, 128, 128, 128, 128, 128, 128, 128, 128, 128, 128, 128, 128, 128,
         128, 128, 128, 128],
        [128, 128, 128, 128, 128, 128, 128, 128, 128, 128, 128, 128, 128, 128,
         128, 128, 128, 128, 128, 128, 128, 128, 128, 128, 128, 128, 128, 128,
         128, 128, 128, 128],
        [128, 128, 128, 128, 128, 128, 128, 128, 128, 128, 128, 128, 128, 128,
         128, 128, 128, 128, 128, 128, 128, 128, 128, 128, 128, 128, 128, 128,
         128, 128, 128, 128],
        [128, 128, 128, 128, 128, 128, 128, 128, 128, 128, 128, 128, 128, 128,
         128, 128, 128, 128, 128, 128, 128, 128, 128, 128, 128, 128, 128, 128,
         128, 128, 128, 128],
        [128, 128, 128, 128, 128, 128, 128, 128, 128, 128, 128, 128, 128, 128,
         128, 128, 128, 128, 128, 128, 128, 128, 128, 128, 128, 128, 128, 128,
         128, 128, 128, 128],
        [128, 128, 128, 128, 128, 128, 128, 128, 128, 128, 128, 128, 128, 128,
         128, 128, 128, 128, 128, 128, 128, 128, 128, 128, 128, 128, 128, 128,
         128, 128, 128, 128],
        [128, 128, 128, 128, 128, 128, 128, 128, 128, 128, 128, 128, 128, 128,
         128, 128, 128, 128, 128, 128, 128, 128, 128, 128, 128, 128, 128, 128,
         128, 128, 128, 128],
        [128, 128, 128, 128, 128, 128, 128, 128, 128, 128, 128, 128, 128, 128,
         128, 128, 128, 128, 128, 128, 128, 128, 128, 128, 128, 128, 128, 128,
         128, 128, 128, 128]], device='cuda:3')tensor([[128, 128, 128, 128, 128, 128, 128, 128, 128, 128, 128, 128, 128, 128,
         128, 128, 128, 128, 128, 128, 128, 128, 128, 128, 128, 128, 128, 128,
         128, 128, 128, 128],
        [128, 128, 128, 128, 128, 128, 128, 128, 128, 128, 128, 128, 128, 128,
         128, 128, 128, 128, 128, 128, 128, 128, 128, 128, 128, 128, 128, 128,
         128, 128, 128, 128],
        [128, 128, 128, 128, 128, 128, 128, 128, 128, 128, 128, 128, 128, 128,
         128, 128, 128, 128, 128, 128, 128, 128, 128, 128, 128, 128, 128, 128,
         128, 128, 128, 128],
        [128, 128, 128, 128, 128, 128, 128, 128, 128, 128, 128, 128, 128, 128,
         128, 128, 128, 128, 128, 128, 128, 128, 128, 128, 128, 128, 128, 128,
         128, 128, 128, 128],
        [128, 128, 128, 128, 128, 128, 128, 128, 128, 128, 128, 128, 128, 128,
         128, 128, 128, 128, 128, 128, 128, 128, 128, 128, 128, 128, 128, 128,
         128, 128, 128, 128],
        [128, 128, 128, 128, 128, 128, 128, 128, 128, 128, 128, 128, 128, 128,
         128, 128, 128, 128, 128, 128, 128, 128, 128, 128, 128, 128, 128, 128,
         128, 128, 128, 128],
        [128, 128, 128, 128, 128, 128, 128, 128, 128, 128, 128, 128, 128, 128,
         128, 128, 128, 128, 128, 128, 128, 128, 128, 128, 128, 128, 128, 128,
         128, 128, 128, 128],
        [128, 128, 128, 128, 128, 128, 128, 128, 128, 128, 128, 128, 128, 128,
         128, 128, 128, 128, 128, 128, 128, 128, 128, 128, 128, 128, 128, 128,
         128, 128, 128, 128],
        [128, 128, 128, 128, 128, 128, 128, 128, 128, 128, 128, 128, 128, 128,
         128, 128, 128, 128, 128, 128, 128, 128, 128, 128, 128, 128, 128, 128,
         128, 128, 128, 128],
        [128, 128, 128, 128, 128, 128, 128, 128, 128, 128, 128, 128, 128, 128,
         128, 128, 128, 128, 128, 128, 128, 128, 128, 128, 128, 128, 128, 128,
         128, 128, 128, 128],
        [128, 128, 128, 128, 128, 128, 128, 128, 128, 128, 128, 128, 128, 128,
         128, 128, 128, 128, 128, 128, 128, 128, 128, 128, 128, 128, 128, 128,
         128, 128, 128, 128],
        [128, 128, 128, 128, 128, 128, 128, 128, 128, 128, 128, 128, 128, 128,
         128, 128, 128, 128, 128, 128, 128, 128, 128, 128, 128, 128, 128, 128,
         128, 128, 128, 128],
        [128, 128, 128, 128, 128, 128, 128, 128, 128, 128, 128, 128, 128, 128,
         128, 128, 128, 128, 128, 128, 128, 128, 128, 128, 128, 128, 128, 128,
         128, 128, 128, 128],
        [128, 128, 128, 128, 128, 128, 128, 128, 128, 128, 128, 128, 128, 128,
         128, 128, 128, 128, 128, 128, 128, 128, 128, 128, 128, 128, 128, 128,
         128, 128, 128, 128],
        [128, 128, 128, 128, 128, 128, 128, 128, 128, 128, 128, 128, 128, 128,
         128, 128, 128, 128, 128, 128, 128, 128, 128, 128, 128, 128, 128, 128,
         128, 128, 128, 128],
        [128, 128, 128, 128, 128, 128, 128, 128, 128, 128, 128, 128, 128, 128,
         128, 128, 128, 128, 128, 128, 128, 128, 128, 128, 128, 128, 128, 128,
         128, 128, 128, 128]], device='cuda:0')tensor([[128, 128, 128, 128, 128, 128, 128, 128, 128, 128, 128, 128, 128, 128,
         128, 128, 128, 128, 128, 128, 128, 128, 128, 128, 128, 128, 128, 128,
         128, 128, 128, 128],
        [128, 128, 128, 128, 128, 128, 128, 128, 128, 128, 128, 128, 128, 128,
         128, 128, 128, 128, 128, 128, 128, 128, 128, 128, 128, 128, 128, 128,
         128, 128, 128, 128],
        [128, 128, 128, 128, 128, 128, 128, 128, 128, 128, 128, 128, 128, 128,
         128, 128, 128, 128, 128, 128, 128, 128, 128, 128, 128, 128, 128, 128,
         128, 128, 128, 128],
        [128, 128, 128, 128, 128, 128, 128, 128, 128, 128, 128, 128, 128, 128,
         128, 128, 128, 128, 128, 128, 128, 128, 128, 128, 128, 128, 128, 128,
         128, 128, 128, 128],
        [128, 128, 128, 128, 128, 128, 128, 128, 128, 128, 128, 128, 128, 128,
         128, 128, 128, 128, 128, 128, 128, 128, 128, 128, 128, 128, 128, 128,
         128, 128, 128, 128],
        [128, 128, 128, 128, 128, 128, 128, 128, 128, 128, 128, 128, 128, 128,
         128, 128, 128, 128, 128, 128, 128, 128, 128, 128, 128, 128, 128, 128,
         128, 128, 128, 128],
        [128, 128, 128, 128, 128, 128, 128, 128, 128, 128, 128, 128, 128, 128,
         128, 128, 128, 128, 128, 128, 128, 128, 128, 128, 128, 128, 128, 128,
         128, 128, 128, 128],
        [128, 128, 128, 128, 128, 128, 128, 128, 128, 128, 128, 128, 128, 128,
         128, 128, 128, 128, 128, 128, 128, 128, 128, 128, 128, 128, 128, 128,
         128, 128, 128, 128],
        [128, 128, 128, 128, 128, 128, 128, 128, 128, 128, 128, 128, 128, 128,
         128, 128, 128, 128, 128, 128, 128, 128, 128, 128, 128, 128, 128, 128,
         128, 128, 128, 128],
        [128, 128, 128, 128, 128, 128, 128, 128, 128, 128, 128, 128, 128, 128,
         128, 128, 128, 128, 128, 128, 128, 128, 128, 128, 128, 128, 128, 128,
         128, 128, 128, 128],
        [128, 128, 128, 128, 128, 128, 128, 128, 128, 128, 128, 128, 128, 128,
         128, 128, 128, 128, 128, 128, 128, 128, 128, 128, 128, 128, 128, 128,
         128, 128, 128, 128],
        [128, 128, 128, 128, 128, 128, 128, 128, 128, 128, 128, 128, 128, 128,
         128, 128, 128, 128, 128, 128, 128, 128, 128, 128, 128, 128, 128, 128,
         128, 128, 128, 128],
        [128, 128, 128, 128, 128, 128, 128, 128, 128, 128, 128, 128, 128, 128,
         128, 128, 128, 128, 128, 128, 128, 128, 128, 128, 128, 128, 128, 128,
         128, 128, 128, 128],
        [128, 128, 128, 128, 128, 128, 128, 128, 128, 128, 128, 128, 128, 128,
         128, 128, 128, 128, 128, 128, 128, 128, 128, 128, 128, 128, 128, 128,
         128, 128, 128, 128],
        [128, 128, 128, 128, 128, 128, 128, 128, 128, 128, 128, 128, 128, 128,
         128, 128, 128, 128, 128, 128, 128, 128, 128, 128, 128, 128, 128, 128,
         128, 128, 128, 128],
        [128, 128, 128, 128, 128, 128, 128, 128, 128, 128, 128, 128, 128, 128,
         128, 128, 128, 128, 128, 128, 128, 128, 128, 128, 128, 128, 128, 128,
         128, 128, 128, 128]], device='cuda:2')tensor([[128, 128, 128, 128, 128, 128, 128, 128, 128, 128, 128, 128, 128, 128,
         128, 128, 128, 128, 128, 128, 128, 128, 128, 128, 128, 128, 128, 128,
         128, 128, 128, 128],
        [128, 128, 128, 128, 128, 128, 128, 128, 128, 128, 128, 128, 128, 128,
         128, 128, 128, 128, 128, 128, 128, 128, 128, 128, 128, 128, 128, 128,
         128, 128, 128, 128],
        [128, 128, 128, 128, 128, 128, 128, 128, 128, 128, 128, 128, 128, 128,
         128, 128, 128, 128, 128, 128, 128, 128, 128, 128, 128, 128, 128, 128,
         128, 128, 128, 128],
        [128, 128, 128, 128, 128, 128, 128, 128, 128, 128, 128, 128, 128, 128,
         128, 128, 128, 128, 128, 128, 128, 128, 128, 128, 128, 128, 128, 128,
         128, 128, 128, 128],
        [128, 128, 128, 128, 128, 128, 128, 128, 128, 128, 128, 128, 128, 128,
         128, 128, 128, 128, 128, 128, 128, 128, 128, 128, 128, 128, 128, 128,
         128, 128, 128, 128],
        [128, 128, 128, 128, 128, 128, 128, 128, 128, 128, 128, 128, 128, 128,
         128, 128, 128, 128, 128, 128, 128, 128, 128, 128, 128, 128, 128, 128,
         128, 128, 128, 128],
        [128, 128, 128, 128, 128, 128, 128, 128, 128, 128, 128, 128, 128, 128,
         128, 128, 128, 128, 128, 128, 128, 128, 128, 128, 128, 128, 128, 128,
         128, 128, 128, 128],
        [128, 128, 128, 128, 128, 128, 128, 128, 128, 128, 128, 128, 128, 128,
         128, 128, 128, 128, 128, 128, 128, 128, 128, 128, 128, 128, 128, 128,
         128, 128, 128, 128],
        [128, 128, 128, 128, 128, 128, 128, 128, 128, 128, 128, 128, 128, 128,
         128, 128, 128, 128, 128, 128, 128, 128, 128, 128, 128, 128, 128, 128,
         128, 128, 128, 128],
        [128, 128, 128, 128, 128, 128, 128, 128, 128, 128, 128, 128, 128, 128,
         128, 128, 128, 128, 128, 128, 128, 128, 128, 128, 128, 128, 128, 128,
         128, 128, 128, 128],
        [128, 128, 128, 128, 128, 128, 128, 128, 128, 128, 128, 128, 128, 128,
         128, 128, 128, 128, 128, 128, 128, 128, 128, 128, 128, 128, 128, 128,
         128, 128, 128, 128],
        [128, 128, 128, 128, 128, 128, 128, 128, 128, 128, 128, 128, 128, 128,
         128, 128, 128, 128, 128, 128, 128, 128, 128, 128, 128, 128, 128, 128,
         128, 128, 128, 128],
        [128, 128, 128, 128, 128, 128, 128, 128, 128, 128, 128, 128, 128, 128,
         128, 128, 128, 128, 128, 128, 128, 128, 128, 128, 128, 128, 128, 128,
         128, 128, 128, 128],
        [128, 128, 128, 128, 128, 128, 128, 128, 128, 128, 128, 128, 128, 128,
         128, 128, 128, 128, 128, 128, 128, 128, 128, 128, 128, 128, 128, 128,
         128, 128, 128, 128],
        [128, 128, 128, 128, 128, 128, 128, 128, 128, 128, 128, 128, 128, 128,
         128, 128, 128, 128, 128, 128, 128, 128, 128, 128, 128, 128, 128, 128,
         128, 128, 128, 128],
        [128, 128, 128, 128, 128, 128, 128, 128, 128, 128, 128, 128, 128, 128,
         128, 128, 128, 128, 128, 128, 128, 128, 128, 128, 128, 128, 128, 128,
         128, 128, 128, 128]], device='cuda:1')tensor([[128, 128, 128, 128, 128, 128, 128, 128, 128, 128, 128, 128, 128, 128,
         128, 128, 128, 128, 128, 128, 128, 128, 128, 128, 128, 128, 128, 128,
         128, 128, 128, 128],
        [128, 128, 128, 128, 128, 128, 128, 128, 128, 128, 128, 128, 128, 128,
         128, 128, 128, 128, 128, 128, 128, 128, 128, 128, 128, 128, 128, 128,
         128, 128, 128, 128],
        [128, 128, 128, 128, 128, 128, 128, 128, 128, 128, 128, 128, 128, 128,
         128, 128, 128, 128, 128, 128, 128, 128, 128, 128, 128, 128, 128, 128,
         128, 128, 128, 128],
        [128, 128, 128, 128, 128, 128, 128, 128, 128, 128, 128, 128, 128, 128,
         128, 128, 128, 128, 128, 128, 128, 128, 128, 128, 128, 128, 128, 128,
         128, 128, 128, 128],
        [128, 128, 128, 128, 128, 128, 128, 128, 128, 128, 128, 128, 128, 128,
         128, 128, 128, 128, 128, 128, 128, 128, 128, 128, 128, 128, 128, 128,
         128, 128, 128, 128],
        [128, 128, 128, 128, 128, 128, 128, 128, 128, 128, 128, 128, 128, 128,
         128, 128, 128, 128, 128, 128, 128, 128, 128, 128, 128, 128, 128, 128,
         128, 128, 128, 128],
        [128, 128, 128, 128, 128, 128, 128, 128, 128, 128, 128, 128, 128, 128,
         128, 128, 128, 128, 128, 128, 128, 128, 128, 128, 128, 128, 128, 128,
         128, 128, 128, 128],
        [128, 128, 128, 128, 128, 128, 128, 128, 128, 128, 128, 128, 128, 128,
         128, 128, 128, 128, 128, 128, 128, 128, 128, 128, 128, 128, 128, 128,
         128, 128, 128, 128],
        [128, 128, 128, 128, 128, 128, 128, 128, 128, 128, 128, 128, 128, 128,
         128, 128, 128, 128, 128, 128, 128, 128, 128, 128, 128, 128, 128, 128,
         128, 128, 128, 128],
        [128, 128, 128, 128, 128, 128, 128, 128, 128, 128, 128, 128, 128, 128,
         128, 128, 128, 128, 128, 128, 128, 128, 128, 128, 128, 128, 128, 128,
         128, 128, 128, 128],
        [128, 128, 128, 128, 128, 128, 128, 128, 128, 128, 128, 128, 128, 128,
         128, 128, 128, 128, 128, 128, 128, 128, 128, 128, 128, 128, 128, 128,
         128, 128, 128, 128],
        [128, 128, 128, 128, 128, 128, 128, 128, 128, 128, 128, 128, 128, 128,
         128, 128, 128, 128, 128, 128, 128, 128, 128, 128, 128, 128, 128, 128,
         128, 128, 128, 128],
        [128, 128, 128, 128, 128, 128, 128, 128, 128, 128, 128, 128, 128, 128,
         128, 128, 128, 128, 128, 128, 128, 128, 128, 128, 128, 128, 128, 128,
         128, 128, 128, 128],
        [128, 128, 128, 128, 128, 128, 128, 128, 128, 128, 128, 128, 128, 128,
         128, 128, 128, 128, 128, 128, 128, 128, 128, 128, 128, 128, 128, 128,
         128, 128, 128, 128],
        [128, 128, 128, 128, 128, 128, 128, 128, 128, 128, 128, 128, 128, 128,
         128, 128, 128, 128, 128, 128, 128, 128, 128, 128, 128, 128, 128, 128,
         128, 128, 128, 128],
        [128, 128, 128, 128, 128, 128, 128, 128, 128, 128, 128, 128, 128, 128,
         128, 128, 128, 128, 128, 128, 128, 128, 128, 128, 128, 128, 128, 128,
         128, 128, 128, 128]], device='cuda:2')tensor([[128, 128, 128, 128, 128, 128, 128, 128, 128, 128, 128, 128, 128, 128,
         128, 128, 128, 128, 128, 128, 128, 128, 128, 128, 128, 128, 128, 128,
         128, 128, 128, 128],
        [128, 128, 128, 128, 128, 128, 128, 128, 128, 128, 128, 128, 128, 128,
         128, 128, 128, 128, 128, 128, 128, 128, 128, 128, 128, 128, 128, 128,
         128, 128, 128, 128],
        [128, 128, 128, 128, 128, 128, 128, 128, 128, 128, 128, 128, 128, 128,
         128, 128, 128, 128, 128, 128, 128, 128, 128, 128, 128, 128, 128, 128,
         128, 128, 128, 128],
        [128, 128, 128, 128, 128, 128, 128, 128, 128, 128, 128, 128, 128, 128,
         128, 128, 128, 128, 128, 128, 128, 128, 128, 128, 128, 128, 128, 128,
         128, 128, 128, 128],
        [128, 128, 128, 128, 128, 128, 128, 128, 128, 128, 128, 128, 128, 128,
         128, 128, 128, 128, 128, 128, 128, 128, 128, 128, 128, 128, 128, 128,
         128, 128, 128, 128],
        [128, 128, 128, 128, 128, 128, 128, 128, 128, 128, 128, 128, 128, 128,
         128, 128, 128, 128, 128, 128, 128, 128, 128, 128, 128, 128, 128, 128,
         128, 128, 128, 128],
        [128, 128, 128, 128, 128, 128, 128, 128, 128, 128, 128, 128, 128, 128,
         128, 128, 128, 128, 128, 128, 128, 128, 128, 128, 128, 128, 128, 128,
         128, 128, 128, 128],
        [128, 128, 128, 128, 128, 128, 128, 128, 128, 128, 128, 128, 128, 128,
         128, 128, 128, 128, 128, 128, 128, 128, 128, 128, 128, 128, 128, 128,
         128, 128, 128, 128],
        [128, 128, 128, 128, 128, 128, 128, 128, 128, 128, 128, 128, 128, 128,
         128, 128, 128, 128, 128, 128, 128, 128, 128, 128, 128, 128, 128, 128,
         128, 128, 128, 128],
        [128, 128, 128, 128, 128, 128, 128, 128, 128, 128, 128, 128, 128, 128,
         128, 128, 128, 128, 128, 128, 128, 128, 128, 128, 128, 128, 128, 128,
         128, 128, 128, 128],
        [128, 128, 128, 128, 128, 128, 128, 128, 128, 128, 128, 128, 128, 128,
         128, 128, 128, 128, 128, 128, 128, 128, 128, 128, 128, 128, 128, 128,
         128, 128, 128, 128],
        [128, 128, 128, 128, 128, 128, 128, 128, 128, 128, 128, 128, 128, 128,
         128, 128, 128, 128, 128, 128, 128, 128, 128, 128, 128, 128, 128, 128,
         128, 128, 128, 128],
        [128, 128, 128, 128, 128, 128, 128, 128, 128, 128, 128, 128, 128, 128,
         128, 128, 128, 128, 128, 128, 128, 128, 128, 128, 128, 128, 128, 128,
         128, 128, 128, 128],
        [128, 128, 128, 128, 128, 128, 128, 128, 128, 128, 128, 128, 128, 128,
         128, 128, 128, 128, 128, 128, 128, 128, 128, 128, 128, 128, 128, 128,
         128, 128, 128, 128],
        [128, 128, 128, 128, 128, 128, 128, 128, 128, 128, 128, 128, 128, 128,
         128, 128, 128, 128, 128, 128, 128, 128, 128, 128, 128, 128, 128, 128,
         128, 128, 128, 128],
        [128, 128, 128, 128, 128, 128, 128, 128, 128, 128, 128, 128, 128, 128,
         128, 128, 128, 128, 128, 128, 128, 128, 128, 128, 128, 128, 128, 128,
         128, 128, 128, 128]], device='cuda:0')tensor([[128, 128, 128, 128, 128, 128, 128, 128, 128, 128, 128, 128, 128, 128,
         128, 128, 128, 128, 128, 128, 128, 128, 128, 128, 128, 128, 128, 128,
         128, 128, 128, 128],
        [128, 128, 128, 128, 128, 128, 128, 128, 128, 128, 128, 128, 128, 128,
         128, 128, 128, 128, 128, 128, 128, 128, 128, 128, 128, 128, 128, 128,
         128, 128, 128, 128],
        [128, 128, 128, 128, 128, 128, 128, 128, 128, 128, 128, 128, 128, 128,
         128, 128, 128, 128, 128, 128, 128, 128, 128, 128, 128, 128, 128, 128,
         128, 128, 128, 128],
        [128, 128, 128, 128, 128, 128, 128, 128, 128, 128, 128, 128, 128, 128,
         128, 128, 128, 128, 128, 128, 128, 128, 128, 128, 128, 128, 128, 128,
         128, 128, 128, 128],
        [128, 128, 128, 128, 128, 128, 128, 128, 128, 128, 128, 128, 128, 128,
         128, 128, 128, 128, 128, 128, 128, 128, 128, 128, 128, 128, 128, 128,
         128, 128, 128, 128],
        [128, 128, 128, 128, 128, 128, 128, 128, 128, 128, 128, 128, 128, 128,
         128, 128, 128, 128, 128, 128, 128, 128, 128, 128, 128, 128, 128, 128,
         128, 128, 128, 128],
        [128, 128, 128, 128, 128, 128, 128, 128, 128, 128, 128, 128, 128, 128,
         128, 128, 128, 128, 128, 128, 128, 128, 128, 128, 128, 128, 128, 128,
         128, 128, 128, 128],
        [128, 128, 128, 128, 128, 128, 128, 128, 128, 128, 128, 128, 128, 128,
         128, 128, 128, 128, 128, 128, 128, 128, 128, 128, 128, 128, 128, 128,
         128, 128, 128, 128],
        [128, 128, 128, 128, 128, 128, 128, 128, 128, 128, 128, 128, 128, 128,
         128, 128, 128, 128, 128, 128, 128, 128, 128, 128, 128, 128, 128, 128,
         128, 128, 128, 128],
        [128, 128, 128, 128, 128, 128, 128, 128, 128, 128, 128, 128, 128, 128,
         128, 128, 128, 128, 128, 128, 128, 128, 128, 128, 128, 128, 128, 128,
         128, 128, 128, 128],
        [128, 128, 128, 128, 128, 128, 128, 128, 128, 128, 128, 128, 128, 128,
         128, 128, 128, 128, 128, 128, 128, 128, 128, 128, 128, 128, 128, 128,
         128, 128, 128, 128],
        [128, 128, 128, 128, 128, 128, 128, 128, 128, 128, 128, 128, 128, 128,
         128, 128, 128, 128, 128, 128, 128, 128, 128, 128, 128, 128, 128, 128,
         128, 128, 128, 128],
        [128, 128, 128, 128, 128, 128, 128, 128, 128, 128, 128, 128, 128, 128,
         128, 128, 128, 128, 128, 128, 128, 128, 128, 128, 128, 128, 128, 128,
         128, 128, 128, 128],
        [128, 128, 128, 128, 128, 128, 128, 128, 128, 128, 128, 128, 128, 128,
         128, 128, 128, 128, 128, 128, 128, 128, 128, 128, 128, 128, 128, 128,
         128, 128, 128, 128],
        [128, 128, 128, 128, 128, 128, 128, 128, 128, 128, 128, 128, 128, 128,
         128, 128, 128, 128, 128, 128, 128, 128, 128, 128, 128, 128, 128, 128,
         128, 128, 128, 128],
        [128, 128, 128, 128, 128, 128, 128, 128, 128, 128, 128, 128, 128, 128,
         128, 128, 128, 128, 128, 128, 128, 128, 128, 128, 128, 128, 128, 128,
         128, 128, 128, 128]], device='cuda:1')tensor([[128, 128, 128, 128, 128, 128, 128, 128, 128, 128, 128, 128, 128, 128,
         128, 128, 128, 128, 128, 128, 128, 128, 128, 128, 128, 128, 128, 128,
         128, 128, 128, 128],
        [128, 128, 128, 128, 128, 128, 128, 128, 128, 128, 128, 128, 128, 128,
         128, 128, 128, 128, 128, 128, 128, 128, 128, 128, 128, 128, 128, 128,
         128, 128, 128, 128],
        [128, 128, 128, 128, 128, 128, 128, 128, 128, 128, 128, 128, 128, 128,
         128, 128, 128, 128, 128, 128, 128, 128, 128, 128, 128, 128, 128, 128,
         128, 128, 128, 128],
        [128, 128, 128, 128, 128, 128, 128, 128, 128, 128, 128, 128, 128, 128,
         128, 128, 128, 128, 128, 128, 128, 128, 128, 128, 128, 128, 128, 128,
         128, 128, 128, 128],
        [128, 128, 128, 128, 128, 128, 128, 128, 128, 128, 128, 128, 128, 128,
         128, 128, 128, 128, 128, 128, 128, 128, 128, 128, 128, 128, 128, 128,
         128, 128, 128, 128],
        [128, 128, 128, 128, 128, 128, 128, 128, 128, 128, 128, 128, 128, 128,
         128, 128, 128, 128, 128, 128, 128, 128, 128, 128, 128, 128, 128, 128,
         128, 128, 128, 128],
        [128, 128, 128, 128, 128, 128, 128, 128, 128, 128, 128, 128, 128, 128,
         128, 128, 128, 128, 128, 128, 128, 128, 128, 128, 128, 128, 128, 128,
         128, 128, 128, 128],
        [128, 128, 128, 128, 128, 128, 128, 128, 128, 128, 128, 128, 128, 128,
         128, 128, 128, 128, 128, 128, 128, 128, 128, 128, 128, 128, 128, 128,
         128, 128, 128, 128],
        [128, 128, 128, 128, 128, 128, 128, 128, 128, 128, 128, 128, 128, 128,
         128, 128, 128, 128, 128, 128, 128, 128, 128, 128, 128, 128, 128, 128,
         128, 128, 128, 128],
        [128, 128, 128, 128, 128, 128, 128, 128, 128, 128, 128, 128, 128, 128,
         128, 128, 128, 128, 128, 128, 128, 128, 128, 128, 128, 128, 128, 128,
         128, 128, 128, 128],
        [128, 128, 128, 128, 128, 128, 128, 128, 128, 128, 128, 128, 128, 128,
         128, 128, 128, 128, 128, 128, 128, 128, 128, 128, 128, 128, 128, 128,
         128, 128, 128, 128],
        [128, 128, 128, 128, 128, 128, 128, 128, 128, 128, 128, 128, 128, 128,
         128, 128, 128, 128, 128, 128, 128, 128, 128, 128, 128, 128, 128, 128,
         128, 128, 128, 128],
        [128, 128, 128, 128, 128, 128, 128, 128, 128, 128, 128, 128, 128, 128,
         128, 128, 128, 128, 128, 128, 128, 128, 128, 128, 128, 128, 128, 128,
         128, 128, 128, 128],
        [128, 128, 128, 128, 128, 128, 128, 128, 128, 128, 128, 128, 128, 128,
         128, 128, 128, 128, 128, 128, 128, 128, 128, 128, 128, 128, 128, 128,
         128, 128, 128, 128],
        [128, 128, 128, 128, 128, 128, 128, 128, 128, 128, 128, 128, 128, 128,
         128, 128, 128, 128, 128, 128, 128, 128, 128, 128, 128, 128, 128, 128,
         128, 128, 128, 128],
        [128, 128, 128, 128, 128, 128, 128, 128, 128, 128, 128, 128, 128, 128,
         128, 128, 128, 128, 128, 128, 128, 128, 128, 128, 128, 128, 128, 128,
         128, 128, 128, 128]], device='cuda:3')tensor([[128, 128, 128, 128, 128, 128, 128, 128, 128, 128, 128, 128, 128, 128,
         128, 128, 128, 128, 128, 128, 128, 128, 128, 128, 128, 128, 128, 128,
         128, 128, 128, 128],
        [128, 128, 128, 128, 128, 128, 128, 128, 128, 128, 128, 128, 128, 128,
         128, 128, 128, 128, 128, 128, 128, 128, 128, 128, 128, 128, 128, 128,
         128, 128, 128, 128],
        [128, 128, 128, 128, 128, 128, 128, 128, 128, 128, 128, 128, 128, 128,
         128, 128, 128, 128, 128, 128, 128, 128, 128, 128, 128, 128, 128, 128,
         128, 128, 128, 128],
        [128, 128, 128, 128, 128, 128, 128, 128, 128, 128, 128, 128, 128, 128,
         128, 128, 128, 128, 128, 128, 128, 128, 128, 128, 128, 128, 128, 128,
         128, 128, 128, 128],
        [128, 128, 128, 128, 128, 128, 128, 128, 128, 128, 128, 128, 128, 128,
         128, 128, 128, 128, 128, 128, 128, 128, 128, 128, 128, 128, 128, 128,
         128, 128, 128, 128],
        [128, 128, 128, 128, 128, 128, 128, 128, 128, 128, 128, 128, 128, 128,
         128, 128, 128, 128, 128, 128, 128, 128, 128, 128, 128, 128, 128, 128,
         128, 128, 128, 128],
        [128, 128, 128, 128, 128, 128, 128, 128, 128, 128, 128, 128, 128, 128,
         128, 128, 128, 128, 128, 128, 128, 128, 128, 128, 128, 128, 128, 128,
         128, 128, 128, 128],
        [128, 128, 128, 128, 128, 128, 128, 128, 128, 128, 128, 128, 128, 128,
         128, 128, 128, 128, 128, 128, 128, 128, 128, 128, 128, 128, 128, 128,
         128, 128, 128, 128],
        [128, 128, 128, 128, 128, 128, 128, 128, 128, 128, 128, 128, 128, 128,
         128, 128, 128, 128, 128, 128, 128, 128, 128, 128, 128, 128, 128, 128,
         128, 128, 128, 128],
        [128, 128, 128, 128, 128, 128, 128, 128, 128, 128, 128, 128, 128, 128,
         128, 128, 128, 128, 128, 128, 128, 128, 128, 128, 128, 128, 128, 128,
         128, 128, 128, 128],
        [128, 128, 128, 128, 128, 128, 128, 128, 128, 128, 128, 128, 128, 128,
         128, 128, 128, 128, 128, 128, 128, 128, 128, 128, 128, 128, 128, 128,
         128, 128, 128, 128],
        [128, 128, 128, 128, 128, 128, 128, 128, 128, 128, 128, 128, 128, 128,
         128, 128, 128, 128, 128, 128, 128, 128, 128, 128, 128, 128, 128, 128,
         128, 128, 128, 128],
        [128, 128, 128, 128, 128, 128, 128, 128, 128, 128, 128, 128, 128, 128,
         128, 128, 128, 128, 128, 128, 128, 128, 128, 128, 128, 128, 128, 128,
         128, 128, 128, 128],
        [128, 128, 128, 128, 128, 128, 128, 128, 128, 128, 128, 128, 128, 128,
         128, 128, 128, 128, 128, 128, 128, 128, 128, 128, 128, 128, 128, 128,
         128, 128, 128, 128],
        [128, 128, 128, 128, 128, 128, 128, 128, 128, 128, 128, 128, 128, 128,
         128, 128, 128, 128, 128, 128, 128, 128, 128, 128, 128, 128, 128, 128,
         128, 128, 128, 128],
        [128, 128, 128, 128, 128, 128, 128, 128, 128, 128, 128, 128, 128, 128,
         128, 128, 128, 128, 128, 128, 128, 128, 128, 128, 128, 128, 128, 128,
         128, 128, 128, 128]], device='cuda:0')tensor([[128, 128, 128, 128, 128, 128, 128, 128, 128, 128, 128, 128, 128, 128,
         128, 128, 128, 128, 128, 128, 128, 128, 128, 128, 128, 128, 128, 128,
         128, 128, 128, 128],
        [128, 128, 128, 128, 128, 128, 128, 128, 128, 128, 128, 128, 128, 128,
         128, 128, 128, 128, 128, 128, 128, 128, 128, 128, 128, 128, 128, 128,
         128, 128, 128, 128],
        [128, 128, 128, 128, 128, 128, 128, 128, 128, 128, 128, 128, 128, 128,
         128, 128, 128, 128, 128, 128, 128, 128, 128, 128, 128, 128, 128, 128,
         128, 128, 128, 128],
        [128, 128, 128, 128, 128, 128, 128, 128, 128, 128, 128, 128, 128, 128,
         128, 128, 128, 128, 128, 128, 128, 128, 128, 128, 128, 128, 128, 128,
         128, 128, 128, 128],
        [128, 128, 128, 128, 128, 128, 128, 128, 128, 128, 128, 128, 128, 128,
         128, 128, 128, 128, 128, 128, 128, 128, 128, 128, 128, 128, 128, 128,
         128, 128, 128, 128],
        [128, 128, 128, 128, 128, 128, 128, 128, 128, 128, 128, 128, 128, 128,
         128, 128, 128, 128, 128, 128, 128, 128, 128, 128, 128, 128, 128, 128,
         128, 128, 128, 128],
        [128, 128, 128, 128, 128, 128, 128, 128, 128, 128, 128, 128, 128, 128,
         128, 128, 128, 128, 128, 128, 128, 128, 128, 128, 128, 128, 128, 128,
         128, 128, 128, 128],
        [128, 128, 128, 128, 128, 128, 128, 128, 128, 128, 128, 128, 128, 128,
         128, 128, 128, 128, 128, 128, 128, 128, 128, 128, 128, 128, 128, 128,
         128, 128, 128, 128],
        [128, 128, 128, 128, 128, 128, 128, 128, 128, 128, 128, 128, 128, 128,
         128, 128, 128, 128, 128, 128, 128, 128, 128, 128, 128, 128, 128, 128,
         128, 128, 128, 128],
        [128, 128, 128, 128, 128, 128, 128, 128, 128, 128, 128, 128, 128, 128,
         128, 128, 128, 128, 128, 128, 128, 128, 128, 128, 128, 128, 128, 128,
         128, 128, 128, 128],
        [128, 128, 128, 128, 128, 128, 128, 128, 128, 128, 128, 128, 128, 128,
         128, 128, 128, 128, 128, 128, 128, 128, 128, 128, 128, 128, 128, 128,
         128, 128, 128, 128],
        [128, 128, 128, 128, 128, 128, 128, 128, 128, 128, 128, 128, 128, 128,
         128, 128, 128, 128, 128, 128, 128, 128, 128, 128, 128, 128, 128, 128,
         128, 128, 128, 128],
        [128, 128, 128, 128, 128, 128, 128, 128, 128, 128, 128, 128, 128, 128,
         128, 128, 128, 128, 128, 128, 128, 128, 128, 128, 128, 128, 128, 128,
         128, 128, 128, 128],
        [128, 128, 128, 128, 128, 128, 128, 128, 128, 128, 128, 128, 128, 128,
         128, 128, 128, 128, 128, 128, 128, 128, 128, 128, 128, 128, 128, 128,
         128, 128, 128, 128],
        [128, 128, 128, 128, 128, 128, 128, 128, 128, 128, 128, 128, 128, 128,
         128, 128, 128, 128, 128, 128, 128, 128, 128, 128, 128, 128, 128, 128,
         128, 128, 128, 128],
        [128, 128, 128, 128, 128, 128, 128, 128, 128, 128, 128, 128, 128, 128,
         128, 128, 128, 128, 128, 128, 128, 128, 128, 128, 128, 128, 128, 128,
         128, 128, 128, 128]], device='cuda:2')tensor([[128, 128, 128, 128, 128, 128, 128, 128, 128, 128, 128, 128, 128, 128,
         128, 128, 128, 128, 128, 128, 128, 128, 128, 128, 128, 128, 128, 128,
         128, 128, 128, 128],
        [128, 128, 128, 128, 128, 128, 128, 128, 128, 128, 128, 128, 128, 128,
         128, 128, 128, 128, 128, 128, 128, 128, 128, 128, 128, 128, 128, 128,
         128, 128, 128, 128],
        [128, 128, 128, 128, 128, 128, 128, 128, 128, 128, 128, 128, 128, 128,
         128, 128, 128, 128, 128, 128, 128, 128, 128, 128, 128, 128, 128, 128,
         128, 128, 128, 128],
        [128, 128, 128, 128, 128, 128, 128, 128, 128, 128, 128, 128, 128, 128,
         128, 128, 128, 128, 128, 128, 128, 128, 128, 128, 128, 128, 128, 128,
         128, 128, 128, 128],
        [128, 128, 128, 128, 128, 128, 128, 128, 128, 128, 128, 128, 128, 128,
         128, 128, 128, 128, 128, 128, 128, 128, 128, 128, 128, 128, 128, 128,
         128, 128, 128, 128],
        [128, 128, 128, 128, 128, 128, 128, 128, 128, 128, 128, 128, 128, 128,
         128, 128, 128, 128, 128, 128, 128, 128, 128, 128, 128, 128, 128, 128,
         128, 128, 128, 128],
        [128, 128, 128, 128, 128, 128, 128, 128, 128, 128, 128, 128, 128, 128,
         128, 128, 128, 128, 128, 128, 128, 128, 128, 128, 128, 128, 128, 128,
         128, 128, 128, 128],
        [128, 128, 128, 128, 128, 128, 128, 128, 128, 128, 128, 128, 128, 128,
         128, 128, 128, 128, 128, 128, 128, 128, 128, 128, 128, 128, 128, 128,
         128, 128, 128, 128],
        [128, 128, 128, 128, 128, 128, 128, 128, 128, 128, 128, 128, 128, 128,
         128, 128, 128, 128, 128, 128, 128, 128, 128, 128, 128, 128, 128, 128,
         128, 128, 128, 128],
        [128, 128, 128, 128, 128, 128, 128, 128, 128, 128, 128, 128, 128, 128,
         128, 128, 128, 128, 128, 128, 128, 128, 128, 128, 128, 128, 128, 128,
         128, 128, 128, 128],
        [128, 128, 128, 128, 128, 128, 128, 128, 128, 128, 128, 128, 128, 128,
         128, 128, 128, 128, 128, 128, 128, 128, 128, 128, 128, 128, 128, 128,
         128, 128, 128, 128],
        [128, 128, 128, 128, 128, 128, 128, 128, 128, 128, 128, 128, 128, 128,
         128, 128, 128, 128, 128, 128, 128, 128, 128, 128, 128, 128, 128, 128,
         128, 128, 128, 128],
        [128, 128, 128, 128, 128, 128, 128, 128, 128, 128, 128, 128, 128, 128,
         128, 128, 128, 128, 128, 128, 128, 128, 128, 128, 128, 128, 128, 128,
         128, 128, 128, 128],
        [128, 128, 128, 128, 128, 128, 128, 128, 128, 128, 128, 128, 128, 128,
         128, 128, 128, 128, 128, 128, 128, 128, 128, 128, 128, 128, 128, 128,
         128, 128, 128, 128],
        [128, 128, 128, 128, 128, 128, 128, 128, 128, 128, 128, 128, 128, 128,
         128, 128, 128, 128, 128, 128, 128, 128, 128, 128, 128, 128, 128, 128,
         128, 128, 128, 128],
        [128, 128, 128, 128, 128, 128, 128, 128, 128, 128, 128, 128, 128, 128,
         128, 128, 128, 128, 128, 128, 128, 128, 128, 128, 128, 128, 128, 128,
         128, 128, 128, 128]], device='cuda:1')tensor([[128, 128, 128, 128, 128, 128, 128, 128, 128, 128, 128, 128, 128, 128,
         128, 128, 128, 128, 128, 128, 128, 128, 128, 128, 128, 128, 128, 128,
         128, 128, 128, 128],
        [128, 128, 128, 128, 128, 128, 128, 128, 128, 128, 128, 128, 128, 128,
         128, 128, 128, 128, 128, 128, 128, 128, 128, 128, 128, 128, 128, 128,
         128, 128, 128, 128],
        [128, 128, 128, 128, 128, 128, 128, 128, 128, 128, 128, 128, 128, 128,
         128, 128, 128, 128, 128, 128, 128, 128, 128, 128, 128, 128, 128, 128,
         128, 128, 128, 128],
        [128, 128, 128, 128, 128, 128, 128, 128, 128, 128, 128, 128, 128, 128,
         128, 128, 128, 128, 128, 128, 128, 128, 128, 128, 128, 128, 128, 128,
         128, 128, 128, 128],
        [128, 128, 128, 128, 128, 128, 128, 128, 128, 128, 128, 128, 128, 128,
         128, 128, 128, 128, 128, 128, 128, 128, 128, 128, 128, 128, 128, 128,
         128, 128, 128, 128],
        [128, 128, 128, 128, 128, 128, 128, 128, 128, 128, 128, 128, 128, 128,
         128, 128, 128, 128, 128, 128, 128, 128, 128, 128, 128, 128, 128, 128,
         128, 128, 128, 128],
        [128, 128, 128, 128, 128, 128, 128, 128, 128, 128, 128, 128, 128, 128,
         128, 128, 128, 128, 128, 128, 128, 128, 128, 128, 128, 128, 128, 128,
         128, 128, 128, 128],
        [128, 128, 128, 128, 128, 128, 128, 128, 128, 128, 128, 128, 128, 128,
         128, 128, 128, 128, 128, 128, 128, 128, 128, 128, 128, 128, 128, 128,
         128, 128, 128, 128],
        [128, 128, 128, 128, 128, 128, 128, 128, 128, 128, 128, 128, 128, 128,
         128, 128, 128, 128, 128, 128, 128, 128, 128, 128, 128, 128, 128, 128,
         128, 128, 128, 128],
        [128, 128, 128, 128, 128, 128, 128, 128, 128, 128, 128, 128, 128, 128,
         128, 128, 128, 128, 128, 128, 128, 128, 128, 128, 128, 128, 128, 128,
         128, 128, 128, 128],
        [128, 128, 128, 128, 128, 128, 128, 128, 128, 128, 128, 128, 128, 128,
         128, 128, 128, 128, 128, 128, 128, 128, 128, 128, 128, 128, 128, 128,
         128, 128, 128, 128],
        [128, 128, 128, 128, 128, 128, 128, 128, 128, 128, 128, 128, 128, 128,
         128, 128, 128, 128, 128, 128, 128, 128, 128, 128, 128, 128, 128, 128,
         128, 128, 128, 128],
        [128, 128, 128, 128, 128, 128, 128, 128, 128, 128, 128, 128, 128, 128,
         128, 128, 128, 128, 128, 128, 128, 128, 128, 128, 128, 128, 128, 128,
         128, 128, 128, 128],
        [128, 128, 128, 128, 128, 128, 128, 128, 128, 128, 128, 128, 128, 128,
         128, 128, 128, 128, 128, 128, 128, 128, 128, 128, 128, 128, 128, 128,
         128, 128, 128, 128],
        [128, 128, 128, 128, 128, 128, 128, 128, 128, 128, 128, 128, 128, 128,
         128, 128, 128, 128, 128, 128, 128, 128, 128, 128, 128, 128, 128, 128,
         128, 128, 128, 128],
        [128, 128, 128, 128, 128, 128, 128, 128, 128, 128, 128, 128, 128, 128,
         128, 128, 128, 128, 128, 128, 128, 128, 128, 128, 128, 128, 128, 128,
         128, 128, 128, 128]], device='cuda:3')tensor([419, 419, 419, 419, 419, 419, 419, 419, 419, 419, 419, 419, 419, 419,
        419, 419], device='cuda:0')tensor([442, 442, 442, 442, 442, 442, 442, 442, 442, 442, 442, 442, 442, 442,
        442, 442], device='cuda:1')tensor([512, 512, 512, 512, 512, 512, 512, 512, 512, 512, 512, 512, 512, 512,
        512, 512], device='cuda:2')tensor([512, 512, 512, 512, 512, 512, 512, 512, 512, 512, 512, 512, 512, 512,
        512, 512], device='cuda:3')tensor([448, 448, 448, 448, 448, 448, 448, 448, 448, 448, 448, 448, 448, 448,
        448, 448], device='cuda:2')tensor([512, 512, 512, 512, 512, 512, 512, 512, 512, 512, 512, 512, 512, 512,
        512, 512], device='cuda:1')tensor([509, 509, 509, 509, 509, 509, 509, 509, 509, 509, 509, 509, 509, 509,
        509, 509], device='cuda:0')tensor([512, 512, 512, 512, 512, 512, 512, 512, 512, 512, 512, 512, 512, 512,
        512, 512], device='cuda:3')tensor([435, 435, 435, 435, 435, 435, 435, 435, 435, 435, 435, 435, 435, 435,
        435, 435], device='cuda:2')tensor([512, 512, 512, 512, 512, 512, 512, 512, 512, 512, 512, 512, 512, 512,
        512, 512], device='cuda:0')tensor([512, 512, 512, 512, 512, 512, 512, 512, 512, 512, 512, 512, 512, 512,
        512, 512], device='cuda:3')tensor([512, 512, 512, 512, 512, 512, 512, 512, 512, 512, 512, 512, 512, 512,
        512, 512], device='cuda:1')tensor([364, 364, 364, 364, 364, 364, 364, 364, 364, 364, 364, 364, 364, 364,
        364, 364], device='cuda:2')tensor([403, 403, 403, 403, 403, 403, 403, 403, 403, 403, 403, 403, 403, 403,
        403, 403], device='cuda:1')tensor([496, 496, 496, 496, 496, 496, 496, 496, 496, 496, 496, 496, 496, 496,
        496, 496], device='cuda:0')tensor([512, 512, 512, 512, 512, 512, 512, 512, 512, 512, 512, 512, 512, 512,
        512, 512], device='cuda:3')tensor([329, 329, 329, 329, 329, 329, 329, 329, 329, 329, 329, 329, 329, 329,
        329, 329], device='cuda:0')tensor([403, 403, 403, 403, 403, 403, 403, 403, 403, 403, 403, 403, 403, 403,
        403, 403], device='cuda:3')tensor([512, 512, 512, 512, 512, 512, 512, 512, 512, 512, 512, 512, 512, 512,
        512, 512], device='cuda:2')tensor([512, 512, 512, 512, 512, 512, 512, 512, 512, 512, 512, 512, 512, 512,
        512, 512], device='cuda:1')tensor([329, 329, 329, 329, 329, 329, 329, 329, 329, 329, 329, 329, 329, 329,
        329, 329], device='cuda:0')tensor([403, 403, 403, 403, 403, 403, 403, 403, 403, 403, 403, 403, 403, 403,
        403, 403], device='cuda:3')tensor([512, 512, 512, 512, 512, 512, 512, 512, 512, 512, 512, 512, 512, 512,
        512, 512], device='cuda:1')tensor([512, 512, 512, 512, 512, 512, 512, 512, 512, 512, 512, 512, 512, 512,
        512, 512], device='cuda:2')